fecha,hora,neto,contrato_id,cod_bascula_id
2021-07-06,2021-07-06 10:31:19,980.0,2,1
2021-07-06,2021-07-06 11:01:04,2100.0,2,1
2021-07-06,2021-07-06 11:15:14,5280.0,2,1
2021-07-06,2021-07-06 16:32:55,560.0,2,1
2021-07-07,2021-07-07 01:13:28,9880.0,2,1
2021-07-07,2021-07-07 01:18:08,9020.0,2,1
2021-07-07,2021-07-07 01:37:58,8940.0,2,1
2021-07-07,2021-07-07 04:23:32,11340.0,2,1
2021-07-07,2021-07-07 04:34:20,6620.0,2,1
2021-07-07,2021-07-07 04:38:42,7280.0,2,1
2021-07-07,2021-07-07 06:33:42,800.0,2,1
2021-07-07,2021-07-07 07:14:35,1620.0,2,1
2021-07-07,2021-07-07 08:38:14,2040.0,2,1
2021-07-07,2021-07-07 09:25:46,120.0,2,1
2021-07-07,2021-07-07 09:55:18,5400.0,2,1
2021-07-07,2021-07-07 10:22:13,960.0,2,1
2021-07-07,2021-07-07 10:44:31,3160.0,2,1
2021-07-07,2021-07-07 16:32:13,700.0,2,1
2021-07-08,2021-07-08 01:14:38,10080.0,2,1
2021-07-08,2021-07-08 01:19:10,10900.0,2,1
2021-07-08,2021-07-08 01:24:38,8960.0,2,1
2021-07-08,2021-07-08 04:25:36,10320.0,2,1
2021-07-08,2021-07-08 04:33:19,6040.0,2,1
2021-07-08,2021-07-08 04:40:21,7780.0,2,1
2021-07-08,2021-07-08 06:31:33,660.0,2,1
2021-07-08,2021-07-08 07:12:50,2600.0,2,1
2021-07-08,2021-07-08 08:58:49,2100.0,2,1
2021-07-08,2021-07-08 10:34:07,840.0,2,1
2021-07-08,2021-07-08 10:50:47,6220.0,2,1
2021-07-08,2021-07-08 11:25:22,1900.0,2,1
2021-07-09,2021-07-09 01:01:56,8900.0,2,1
2021-07-09,2021-07-09 01:06:55,10060.0,2,1
2021-07-09,2021-07-09 01:35:27,7900.0,2,1
2021-07-09,2021-07-09 04:23:11,10920.0,2,1
2021-07-09,2021-07-09 04:28:16,6480.0,2,1
2021-07-09,2021-07-09 04:29:18,7800.0,2,1
2021-07-09,2021-07-09 06:32:43,3480.0,2,1
2021-07-09,2021-07-09 07:23:15,980.0,2,1
2021-07-09,2021-07-09 08:25:54,1440.0,2,1
2021-07-09,2021-07-09 09:15:59,140.0,2,1
2021-07-09,2021-07-09 10:19:11,920.0,2,1
2021-07-09,2021-07-09 10:51:47,2240.0,2,1
2021-07-09,2021-07-09 10:58:14,5620.0,2,1
2021-07-09,2021-07-09 16:14:12,540.0,2,1
2021-07-10,2021-07-10 01:11:00,10420.0,2,1
2021-07-10,2021-07-10 01:13:58,8920.0,2,1
2021-07-10,2021-07-10 03:26:54,11480.0,2,1
2021-07-10,2021-07-10 03:59:50,4120.0,2,1
2021-07-10,2021-07-10 04:49:23,11380.0,2,1
2021-07-10,2021-07-10 04:57:28,1600.0,2,1
2021-07-10,2021-07-10 05:00:05,9680.0,2,1
2021-07-10,2021-07-10 06:30:02,660.0,2,1
2021-07-10,2021-07-10 08:17:33,2560.0,2,1
2021-07-10,2021-07-10 09:22:10,5600.0,2,1
2021-07-10,2021-07-10 09:27:14,1480.0,2,1
2021-07-10,2021-07-10 10:15:54,700.0,2,1
2021-07-10,2021-07-10 10:46:17,7060.0,2,1
2021-07-10,2021-07-10 10:56:39,3200.0,2,1
2021-07-11,2021-07-11 00:59:45,9700.0,2,1
2021-07-11,2021-07-11 01:11:24,7620.0,2,1
2021-07-11,2021-07-11 01:21:42,9860.0,2,1
2021-07-11,2021-07-11 04:23:21,5840.0,2,1
2021-07-11,2021-07-11 04:24:10,7540.0,2,1
2021-07-11,2021-07-11 04:26:03,10320.0,2,1
2021-07-12,2021-07-12 01:19:02,8360.0,2,1
2021-07-12,2021-07-12 01:19:55,6820.0,2,1
2021-07-12,2021-07-12 01:28:15,7600.0,2,1
2021-07-12,2021-07-12 04:25:28,4660.0,2,1
2021-07-12,2021-07-12 04:33:34,8080.0,2,1
2021-07-12,2021-07-12 04:34:11,5740.0,2,1
2021-07-12,2021-07-12 06:31:04,1260.0,2,1
2021-07-12,2021-07-12 07:24:32,1160.0,2,1
2021-07-12,2021-07-12 08:47:27,60.0,2,1
2021-07-12,2021-07-12 09:44:07,2460.0,2,1
2021-07-12,2021-07-12 10:13:17,3960.0,2,1
2021-07-12,2021-07-12 10:37:33,1120.0,2,1
2021-07-12,2021-07-12 11:39:17,5020.0,2,1
2021-07-13,2021-07-13 01:19:35,10780.0,2,1
2021-07-13,2021-07-13 01:22:42,10600.0,2,1
2021-07-13,2021-07-13 01:23:36,8820.0,2,1
2021-07-13,2021-07-13 04:23:54,6200.0,2,1
2021-07-13,2021-07-13 04:24:39,9980.0,2,1
2021-07-13,2021-07-13 04:26:15,7300.0,2,1
2021-07-13,2021-07-13 06:32:03,880.0,2,1
2021-07-13,2021-07-13 07:12:03,2920.0,2,1
2021-07-13,2021-07-13 09:09:32,1200.0,2,1
2021-07-13,2021-07-13 10:28:49,780.0,2,1
2021-07-13,2021-07-13 10:57:19,2300.0,2,1
2021-07-13,2021-07-13 11:39:10,5380.0,2,1
2021-07-13,2021-07-13 16:29:58,860.0,2,1
2021-07-14,2021-07-14 01:08:01,9780.0,2,1
2021-07-14,2021-07-14 01:14:21,8620.0,2,1
2021-07-14,2021-07-14 01:47:42,8920.0,2,1
2021-07-14,2021-07-14 04:48:53,9620.0,2,1
2021-07-14,2021-07-14 04:52:32,7860.0,2,1
2021-07-14,2021-07-14 04:52:57,6800.0,2,1
2021-07-14,2021-07-14 06:30:01,700.0,2,1
2021-07-14,2021-07-14 08:30:43,1860.0,2,1
2021-07-14,2021-07-14 09:22:00,2960.0,2,1
2021-07-14,2021-07-14 10:46:23,780.0,2,1
2021-07-14,2021-07-14 10:52:18,5060.0,2,1
2021-07-14,2021-07-14 10:57:21,2760.0,2,1
2021-07-14,2021-07-14 11:01:44,280.0,2,1
2021-07-14,2021-07-14 16:18:40,740.0,2,1
2021-07-15,2021-07-15 01:11:10,10280.0,2,1
2021-07-15,2021-07-15 01:12:32,9340.0,2,1
2021-07-15,2021-07-15 01:28:40,8460.0,2,1
2021-07-15,2021-07-15 04:24:17,7680.0,2,1
2021-07-15,2021-07-15 04:25:21,10520.0,2,1
2021-07-15,2021-07-15 04:27:28,6480.0,2,1
2021-07-15,2021-07-15 06:35:27,660.0,2,1
2021-07-15,2021-07-15 07:16:06,3160.0,2,1
2021-07-15,2021-07-15 08:53:36,1680.0,2,1
2021-07-15,2021-07-15 10:33:31,720.0,2,1
2021-07-15,2021-07-15 10:44:31,5380.0,2,1
2021-07-15,2021-07-15 11:22:49,2300.0,2,1
2021-07-16,2021-07-16 01:04:48,10080.0,2,1
2021-07-16,2021-07-16 01:35:46,8360.0,2,1
2021-07-16,2021-07-16 01:41:45,8580.0,2,1
2021-07-16,2021-07-16 05:13:27,1660.0,2,1
2021-07-16,2021-07-16 05:13:50,12920.0,2,1
2021-07-16,2021-07-16 05:14:17,7780.0,2,1
2021-07-16,2021-07-16 06:34:46,800.0,2,1
2021-07-16,2021-07-16 07:24:15,1040.0,2,1
2021-07-16,2021-07-16 09:01:47,160.0,2,1
2021-07-16,2021-07-16 09:26:07,1500.0,2,1
2021-07-16,2021-07-16 10:42:52,780.0,2,1
2021-07-16,2021-07-16 10:53:28,5200.0,2,1
2021-07-16,2021-07-16 11:08:41,3020.0,2,1
2021-07-16,2021-07-16 16:02:55,520.0,2,1
2021-07-17,2021-07-17 00:48:15,8040.0,2,1
2021-07-17,2021-07-17 01:06:49,11000.0,2,1
2021-07-17,2021-07-17 01:14:37,10200.0,2,1
2021-07-17,2021-07-17 04:10:48,8320.0,2,1
2021-07-17,2021-07-17 04:13:29,7740.0,2,1
2021-07-17,2021-07-17 04:14:02,10680.0,2,1
2021-07-17,2021-07-17 06:31:55,2160.0,2,1
2021-07-17,2021-07-17 07:56:49,2580.0,2,1
2021-07-17,2021-07-17 09:09:20,1320.0,2,1
2021-07-17,2021-07-17 10:45:27,760.0,2,1
2021-07-17,2021-07-17 10:46:08,5920.0,2,1
2021-07-17,2021-07-17 10:48:19,2680.0,2,1
2021-07-18,2021-07-18 00:58:36,9480.0,2,1
2021-07-18,2021-07-18 01:02:59,7420.0,2,1
2021-07-18,2021-07-18 01:11:34,8440.0,2,1
2021-07-18,2021-07-18 04:22:06,10240.0,2,1
2021-07-18,2021-07-18 04:27:04,6880.0,2,1
2021-07-18,2021-07-18 04:36:04,7700.0,2,1
2021-07-19,2021-07-19 00:56:10,6940.0,2,1
2021-07-19,2021-07-19 01:20:18,7100.0,2,1
2021-07-19,2021-07-19 01:30:59,7960.0,2,1
2021-07-19,2021-07-19 04:35:09,6600.0,2,1
2021-07-19,2021-07-19 04:36:03,4900.0,2,1
2021-07-19,2021-07-19 04:36:31,7660.0,2,1
2021-07-19,2021-07-19 06:31:35,1280.0,2,1
2021-07-19,2021-07-19 07:19:22,1380.0,2,1
2021-07-19,2021-07-19 08:50:54,100.0,2,1
2021-07-19,2021-07-19 10:43:47,840.0,2,1
2021-07-19,2021-07-19 10:44:19,4120.0,2,1
2021-07-19,2021-07-19 11:08:52,5020.0,2,1
2021-07-20,2021-07-20 01:03:14,10120.0,2,1
2021-07-20,2021-07-20 01:04:02,9700.0,2,1
2021-07-20,2021-07-20 01:12:15,8460.0,2,1
2021-07-20,2021-07-20 04:27:00,9480.0,2,1
2021-07-20,2021-07-20 04:27:33,5460.0,2,1
2021-07-20,2021-07-20 04:34:28,8540.0,2,1
2021-07-20,2021-07-20 06:34:00,1500.0,2,1
2021-07-20,2021-07-20 07:15:18,2740.0,2,1
2021-07-20,2021-07-20 08:37:16,540.0,2,1
2021-07-20,2021-07-20 10:33:20,740.0,2,1
2021-07-20,2021-07-20 10:42:02,4980.0,2,1
2021-07-20,2021-07-20 10:48:14,2200.0,2,1
2021-07-20,2021-07-20 16:13:28,440.0,2,1
2021-07-21,2021-07-21 01:14:10,9860.0,2,1
2021-07-21,2021-07-21 01:22:27,8160.0,2,1
2021-07-21,2021-07-21 01:31:59,8520.0,2,1
2021-07-21,2021-07-21 04:32:43,9740.0,2,1
2021-07-21,2021-07-21 04:40:59,6860.0,2,1
2021-07-21,2021-07-21 04:41:44,6940.0,2,1
2021-07-21,2021-07-21 06:28:48,660.0,2,1
2021-07-21,2021-07-21 07:13:29,1560.0,2,1
2021-07-21,2021-07-21 08:40:35,2220.0,2,1
2021-07-21,2021-07-21 10:42:17,860.0,2,1
2021-07-21,2021-07-21 10:44:22,4920.0,2,1
2021-07-21,2021-07-21 10:51:46,2440.0,2,1
2021-07-22,2021-07-22 00:56:01,9740.0,2,1
2021-07-22,2021-07-22 01:04:20,9920.0,2,1
2021-07-22,2021-07-22 01:06:23,7520.0,2,1
2021-07-22,2021-07-22 04:27:45,9840.0,2,1
2021-07-22,2021-07-22 04:28:20,7100.0,2,1
2021-07-22,2021-07-22 04:28:50,7720.0,2,1
2021-07-22,2021-07-22 06:36:19,620.0,2,1
2021-07-22,2021-07-22 07:12:55,2520.0,2,1
2021-07-22,2021-07-22 08:53:00,1780.0,2,1
2021-07-22,2021-07-22 10:33:45,940.0,2,1
2021-07-22,2021-07-22 10:40:50,4800.0,2,1
2021-07-22,2021-07-22 10:50:49,2460.0,2,1
2021-07-23,2021-07-23 01:05:28,10380.0,2,1
2021-07-23,2021-07-23 01:09:37,8560.0,2,1
2021-07-23,2021-07-23 01:32:55,7360.0,2,1
2021-07-23,2021-07-23 04:24:50,9820.0,2,1
2021-07-23,2021-07-23 04:32:58,6620.0,2,1
2021-07-23,2021-07-23 04:37:22,7260.0,2,1
2021-07-23,2021-07-23 06:36:37,700.0,2,1
2021-07-23,2021-07-23 07:22:34,1260.0,2,1
2021-07-23,2021-07-23 09:29:25,580.0,2,1
2021-07-23,2021-07-23 10:45:15,780.0,2,1
2021-07-23,2021-07-23 10:47:36,5600.0,2,1
2021-07-23,2021-07-23 10:58:17,2280.0,2,1
2021-07-23,2021-07-23 16:12:44,260.0,2,1
2021-07-24,2021-07-24 01:00:04,10320.0,2,1
2021-07-24,2021-07-24 01:01:45,10540.0,2,1
2021-07-24,2021-07-24 01:11:14,8340.0,2,1
2021-07-24,2021-07-24 04:23:58,10200.0,2,1
2021-07-24,2021-07-24 04:28:13,7420.0,2,1
2021-07-24,2021-07-24 04:34:12,8760.0,2,1
2021-07-24,2021-07-24 06:32:52,680.0,2,1
2021-07-24,2021-07-24 07:19:07,2580.0,2,1
2021-07-24,2021-07-24 08:55:00,2420.0,2,1
2021-07-24,2021-07-24 10:38:44,780.0,2,1
2021-07-24,2021-07-24 10:45:48,6300.0,2,1
2021-07-24,2021-07-24 10:59:37,1600.0,2,1
2021-07-24,2021-07-24 11:08:57,3600.0,2,1
2021-07-25,2021-07-25 00:53:53,6960.0,2,1
2021-07-25,2021-07-25 01:01:41,8260.0,2,1
2021-07-25,2021-07-25 01:14:59,8780.0,2,1
2021-07-25,2021-07-25 04:41:53,7620.0,2,1
2021-07-25,2021-07-25 04:42:20,8260.0,2,1
2021-07-25,2021-07-25 04:52:48,8560.0,2,1
2021-07-26,2021-07-26 01:16:38,8520.0,2,1
2021-07-26,2021-07-26 01:24:51,6880.0,2,1
2021-07-26,2021-07-26 01:41:52,7460.0,2,1
2021-07-26,2021-07-26 04:46:33,7520.0,2,1
2021-07-26,2021-07-26 04:47:18,5400.0,2,1
2021-07-26,2021-07-26 04:49:29,6500.0,2,1
2021-07-26,2021-07-26 06:32:23,1100.0,2,1
2021-07-26,2021-07-26 07:17:45,1400.0,2,1
2021-07-26,2021-07-26 08:51:48,100.0,2,1
2021-07-26,2021-07-26 10:39:45,1020.0,2,1
2021-07-26,2021-07-26 10:40:16,4840.0,2,1
2021-07-26,2021-07-26 10:58:15,4340.0,2,1
2021-07-27,2021-07-27 01:01:38,8920.0,2,1
2021-07-27,2021-07-27 01:12:15,8300.0,2,1
2021-07-27,2021-07-27 01:14:46,9240.0,2,1
2021-07-27,2021-07-27 04:27:27,5900.0,2,1
2021-07-27,2021-07-27 04:37:21,9940.0,2,1
2021-07-27,2021-07-27 04:38:47,9080.0,2,1
2021-07-27,2021-07-27 06:30:58,2820.0,2,1
2021-07-27,2021-07-27 07:13:49,960.0,2,1
2021-07-27,2021-07-27 09:51:10,760.0,2,1
2021-07-27,2021-07-27 10:50:10,5440.0,2,1
2021-07-27,2021-07-27 10:54:33,2380.0,2,1
2021-07-27,2021-07-27 10:59:48,1040.0,2,1
2021-07-27,2021-07-27 16:16:31,480.0,2,1
2021-07-28,2021-07-28 01:17:56,8680.0,2,1
2021-07-28,2021-07-28 01:19:52,9880.0,2,1
2021-07-28,2021-07-28 01:37:04,8040.0,2,1
2021-07-28,2021-07-28 04:48:26,9200.0,2,1
2021-07-28,2021-07-28 04:49:07,6620.0,2,1
2021-07-28,2021-07-28 04:53:48,7620.0,2,1
2021-07-28,2021-07-28 06:32:41,780.0,2,1
2021-07-28,2021-07-28 07:17:24,1500.0,2,1
2021-07-28,2021-07-28 08:25:31,2900.0,2,1
2021-07-28,2021-07-28 09:19:47,260.0,2,1
2021-07-28,2021-07-28 10:29:11,940.0,2,1
2021-07-28,2021-07-28 10:41:50,4720.0,2,1
2021-07-28,2021-07-28 10:54:32,3280.0,2,1
2021-07-28,2021-07-28 16:20:00,560.0,2,1
2021-07-29,2021-07-29 01:04:26,9840.0,2,1
2021-07-29,2021-07-29 01:05:10,8580.0,2,1
2021-07-29,2021-07-29 01:23:06,9360.0,2,1
2021-07-29,2021-07-29 04:45:59,7000.0,2,1
2021-07-29,2021-07-29 04:46:31,8800.0,2,1
2021-07-29,2021-07-29 04:48:16,8000.0,2,1
2021-07-29,2021-07-29 06:33:01,680.0,2,1
2021-07-29,2021-07-29 07:12:18,2440.0,2,1
2021-07-29,2021-07-29 08:56:13,1980.0,2,1
2021-07-29,2021-07-29 10:21:02,740.0,2,1
2021-07-29,2021-07-29 10:43:18,6060.0,2,1
2021-07-29,2021-07-29 11:01:18,1840.0,2,1
2021-07-29,2021-07-29 16:06:24,120.0,2,1
2021-07-30,2021-07-30 01:02:52,9100.0,2,1
2021-07-30,2021-07-30 01:29:23,9400.0,2,1
2021-07-30,2021-07-30 01:41:04,8580.0,2,1
2021-07-30,2021-07-30 04:38:25,5420.0,2,1
2021-07-30,2021-07-30 04:45:16,9820.0,2,1
2021-07-30,2021-07-30 04:45:51,9780.0,2,1
2021-07-30,2021-07-30 06:29:51,1180.0,2,1
2021-07-30,2021-07-30 07:17:20,1300.0,2,1
2021-07-30,2021-07-30 09:12:14,220.0,2,1
2021-07-30,2021-07-30 10:26:46,5360.0,2,1
2021-07-30,2021-07-30 10:39:33,840.0,2,1
2021-07-30,2021-07-30 11:14:02,2540.0,2,1
2021-07-30,2021-07-30 16:20:44,820.0,2,1
2021-07-31,2021-07-31 01:03:37,10060.0,2,1
2021-07-31,2021-07-31 01:11:42,9800.0,2,1
2021-07-31,2021-07-31 01:28:15,9500.0,2,1
2021-07-31,2021-07-31 04:41:19,6880.0,2,1
2021-07-31,2021-07-31 04:41:44,11460.0,2,1
2021-07-31,2021-07-31 04:43:45,7800.0,2,1
2021-07-31,2021-07-31 06:30:05,700.0,2,1
2021-07-31,2021-07-31 07:17:53,2380.0,2,1
2021-07-31,2021-07-31 08:25:33,3900.0,2,1
2021-07-31,2021-07-31 09:37:02,1680.0,2,1
2021-07-31,2021-07-31 10:38:17,6100.0,2,1
2021-07-31,2021-07-31 10:44:37,3400.0,2,1
2021-07-31,2021-07-31 10:49:44,900.0,2,1
2021-08-01,2021-08-01 00:56:34,9600.0,2,1
2021-08-01,2021-08-01 01:19:45,9280.0,2,1
2021-08-01,2021-08-01 01:20:54,8400.0,2,1
2021-08-01,2021-08-01 04:26:30,9900.0,2,1
2021-08-01,2021-08-01 04:37:02,7180.0,2,1
2021-08-01,2021-08-01 04:38:12,6240.0,2,1
2021-08-02,2021-08-02 01:15:53,7500.0,2,1
2021-08-02,2021-08-02 01:17:31,7220.0,2,1
2021-08-02,2021-08-02 01:33:22,8720.0,2,1
2021-08-02,2021-08-02 04:37:20,6360.0,2,1
2021-08-02,2021-08-02 04:38:18,8880.0,2,1
2021-08-02,2021-08-02 04:41:31,5840.0,2,1
2021-08-02,2021-08-02 06:27:38,1500.0,2,1
2021-08-02,2021-08-02 07:27:35,1460.0,2,1
2021-08-02,2021-08-02 09:20:54,280.0,2,1
2021-08-02,2021-08-02 10:37:33,1120.0,2,1
2021-08-02,2021-08-02 10:39:49,4760.0,2,1
2021-08-02,2021-08-02 10:58:08,3860.0,2,1
2021-08-03,2021-08-03 01:15:34,10220.0,2,1
2021-08-03,2021-08-03 01:18:38,9260.0,2,1
2021-08-03,2021-08-03 01:24:59,8880.0,2,1
2021-08-03,2021-08-03 04:26:50,9960.0,2,1
2021-08-03,2021-08-03 04:35:29,8080.0,2,1
2021-08-03,2021-08-03 04:36:10,6140.0,2,1
2021-08-03,2021-08-03 06:35:17,880.0,2,1
2021-08-03,2021-08-03 07:27:42,2800.0,2,1
2021-08-03,2021-08-03 09:26:58,1040.0,2,1
2021-08-03,2021-08-03 10:36:55,4480.0,2,1
2021-08-03,2021-08-03 10:40:17,800.0,2,1
2021-08-03,2021-08-03 10:54:17,2420.0,2,1
2021-08-04,2021-08-04 01:15:59,9760.0,2,1
2021-08-04,2021-08-04 01:18:19,8320.0,2,1
2021-08-04,2021-08-04 02:02:22,8380.0,2,1
2021-08-04,2021-08-04 04:31:22,10280.0,2,1
2021-08-04,2021-08-04 04:44:22,6340.0,2,1
2021-08-04,2021-08-04 04:45:55,5880.0,2,1
2021-08-04,2021-08-04 06:28:11,800.0,2,1
2021-08-04,2021-08-04 07:19:19,1580.0,2,1
2021-08-04,2021-08-04 08:24:43,1920.0,2,1
2021-08-04,2021-08-04 10:29:07,900.0,2,1
2021-08-04,2021-08-04 10:36:50,4620.0,2,1
2021-08-04,2021-08-04 10:58:25,3380.0,2,1
2021-08-05,2021-08-05 01:13:13,9640.0,2,1
2021-08-05,2021-08-05 01:24:11,9440.0,2,1
2021-08-05,2021-08-05 01:25:20,8020.0,2,1
2021-08-05,2021-08-05 04:30:42,9940.0,2,1
2021-08-05,2021-08-05 04:36:30,5980.0,2,1
2021-08-05,2021-08-05 04:42:13,6900.0,2,1
2021-08-05,2021-08-05 06:32:44,660.0,2,1
2021-08-05,2021-08-05 07:27:36,2340.0,2,1
2021-08-05,2021-08-05 09:18:15,2080.0,2,1
2021-08-05,2021-08-05 10:32:14,680.0,2,1
2021-08-05,2021-08-05 10:55:41,5240.0,2,1
2021-08-05,2021-08-05 11:27:41,3160.0,2,1
2021-08-06,2021-08-06 01:05:25,8280.0,2,1
2021-08-06,2021-08-06 01:14:50,9540.0,2,1
2021-08-06,2021-08-06 01:42:25,8060.0,2,1
2021-08-06,2021-08-06 04:27:52,9180.0,2,1
2021-08-06,2021-08-06 04:28:39,6780.0,2,1
2021-08-06,2021-08-06 04:32:17,6800.0,2,1
2021-08-06,2021-08-06 06:32:47,1100.0,2,1
2021-08-06,2021-08-06 07:31:31,1320.0,2,1
2021-08-06,2021-08-06 09:17:31,480.0,2,1
2021-08-06,2021-08-06 10:36:09,1040.0,2,1
2021-08-06,2021-08-06 10:38:24,4820.0,2,1
2021-08-06,2021-08-06 10:49:41,2940.0,2,1
2021-08-07,2021-08-07 01:07:03,10560.0,2,1
2021-08-07,2021-08-07 01:13:53,10760.0,2,1
2021-08-07,2021-08-07 01:22:14,8900.0,2,1
2021-08-07,2021-08-07 04:25:48,7580.0,2,1
2021-08-07,2021-08-07 04:26:52,5840.0,2,1
2021-08-07,2021-08-07 04:28:39,9800.0,2,1
2021-08-07,2021-08-07 06:28:06,680.0,2,1
2021-08-07,2021-08-07 08:00:46,2360.0,2,1
2021-08-07,2021-08-07 09:14:23,1580.0,2,1
2021-08-07,2021-08-07 10:34:10,5540.0,2,1
2021-08-07,2021-08-07 10:43:12,720.0,2,1
2021-08-07,2021-08-07 10:59:44,3440.0,2,1
2021-08-08,2021-08-08 00:58:33,9380.0,2,1
2021-08-08,2021-08-08 01:21:43,8400.0,2,1
2021-08-08,2021-08-08 01:25:49,7820.0,2,1
2021-08-08,2021-08-08 04:36:04,5880.0,2,1
2021-08-08,2021-08-08 04:36:36,9880.0,2,1
2021-08-08,2021-08-08 04:37:05,5880.0,2,1
2021-08-09,2021-08-09 01:25:01,8120.0,2,1
2021-08-09,2021-08-09 01:31:32,7940.0,2,1
2021-08-09,2021-08-09 01:35:05,7000.0,2,1
2021-08-09,2021-08-09 04:34:07,5380.0,2,1
2021-08-09,2021-08-09 04:34:50,4520.0,2,1
2021-08-09,2021-08-09 04:35:16,8100.0,2,1
2021-08-09,2021-08-09 06:33:20,1420.0,2,1
2021-08-09,2021-08-09 07:26:13,1340.0,2,1
2021-08-09,2021-08-09 08:30:26,2940.0,2,1
2021-08-09,2021-08-09 09:32:53,140.0,2,1
2021-08-09,2021-08-09 10:29:20,1500.0,2,1
2021-08-09,2021-08-09 10:31:46,4360.0,2,1
2021-08-09,2021-08-09 11:11:35,4460.0,2,1
2021-08-10,2021-08-10 01:09:14,9540.0,2,1
2021-08-10,2021-08-10 01:24:05,8220.0,2,1
2021-08-10,2021-08-10 01:37:15,9740.0,2,1
2021-08-10,2021-08-10 04:28:47,9960.0,2,1
2021-08-10,2021-08-10 04:30:21,5440.0,2,1
2021-08-10,2021-08-10 04:35:17,6720.0,2,1
2021-08-10,2021-08-10 06:35:21,940.0,2,1
2021-08-10,2021-08-10 07:26:42,2760.0,2,1
2021-08-10,2021-08-10 09:17:18,1000.0,2,1
2021-08-10,2021-08-10 10:29:38,1320.0,2,1
2021-08-10,2021-08-10 10:36:22,5480.0,2,1
2021-08-10,2021-08-10 10:57:04,2860.0,2,1
2021-08-11,2021-08-11 01:18:19,9420.0,2,1
2021-08-11,2021-08-11 01:37:05,8340.0,2,1
2021-08-11,2021-08-11 01:58:15,9200.0,2,1
2021-08-11,2021-08-11 04:38:08,9460.0,2,1
2021-08-11,2021-08-11 04:45:57,6060.0,2,1
2021-08-11,2021-08-11 04:46:26,6100.0,2,1
2021-08-11,2021-08-11 06:19:34,860.0,2,1
2021-08-11,2021-08-11 07:37:13,1700.0,2,1
2021-08-11,2021-08-11 08:33:54,2660.0,2,1
2021-08-11,2021-08-11 09:43:48,260.0,2,1
2021-08-11,2021-08-11 10:18:37,940.0,2,1
2021-08-11,2021-08-11 10:36:25,5280.0,2,1
2021-08-11,2021-08-11 11:01:33,2800.0,2,1
2021-08-12,2021-08-12 01:14:54,9600.0,2,1
2021-08-12,2021-08-12 01:16:40,9060.0,2,1
2021-08-12,2021-08-12 01:24:44,7600.0,2,1
2021-08-12,2021-08-12 04:27:26,7000.0,2,1
2021-08-12,2021-08-12 04:33:06,5540.0,2,1
2021-08-12,2021-08-12 04:40:06,9140.0,2,1
2021-08-12,2021-08-12 06:32:33,660.0,2,1
2021-08-12,2021-08-12 07:28:22,2380.0,2,1
2021-08-12,2021-08-12 09:18:10,1700.0,2,1
2021-08-12,2021-08-12 10:33:12,820.0,2,1
2021-08-12,2021-08-12 10:37:01,4920.0,2,1
2021-08-12,2021-08-12 11:33:32,1900.0,2,1
2021-08-13,2021-08-13 01:10:29,9640.0,2,1
2021-08-13,2021-08-13 01:22:41,7760.0,2,1
2021-08-13,2021-08-13 01:54:20,8300.0,2,1
2021-08-13,2021-08-13 04:28:51,10440.0,2,1
2021-08-13,2021-08-13 04:38:18,6860.0,2,1
2021-08-13,2021-08-13 04:39:46,5180.0,2,1
2021-08-13,2021-08-13 06:25:55,1040.0,2,1
2021-08-13,2021-08-13 07:19:00,1220.0,2,1
2021-08-13,2021-08-13 08:29:41,2260.0,2,1
2021-08-13,2021-08-13 09:33:15,200.0,2,1
2021-08-13,2021-08-13 10:33:21,6120.0,2,1
2021-08-13,2021-08-13 10:41:50,860.0,2,1
2021-08-13,2021-08-13 10:56:34,2340.0,2,1
2021-08-14,2021-08-14 01:18:59,8540.0,2,1
2021-08-14,2021-08-14 01:27:11,10200.0,2,1
2021-08-14,2021-08-14 01:39:04,10660.0,2,1
2021-08-14,2021-08-14 04:29:31,6540.0,2,1
2021-08-14,2021-08-14 04:39:53,7860.0,2,1
2021-08-14,2021-08-14 04:40:18,8300.0,2,1
2021-08-14,2021-08-14 06:32:40,660.0,2,1
2021-08-14,2021-08-14 07:18:02,2560.0,2,1
2021-08-14,2021-08-14 09:17:41,1500.0,2,1
2021-08-14,2021-08-14 10:29:15,2880.0,2,1
2021-08-14,2021-08-14 10:29:57,5320.0,2,1
2021-08-14,2021-08-14 11:02:53,3660.0,2,1
2021-08-15,2021-08-15 01:01:08,9220.0,2,1
2021-08-15,2021-08-15 01:08:39,8300.0,2,1
2021-08-15,2021-08-15 01:09:59,7300.0,2,1
2021-08-15,2021-08-15 04:27:55,9460.0,2,1
2021-08-15,2021-08-15 04:34:26,6940.0,2,1
2021-08-15,2021-08-15 04:37:16,6160.0,2,1
2021-08-16,2021-08-16 00:58:15,7000.0,2,1
2021-08-16,2021-08-16 01:18:42,6120.0,2,1
2021-08-16,2021-08-16 01:33:21,7020.0,2,1
2021-08-16,2021-08-16 04:35:26,4380.0,2,1
2021-08-16,2021-08-16 04:40:09,7120.0,2,1
2021-08-16,2021-08-16 04:40:38,5400.0,2,1
2021-08-16,2021-08-16 06:27:58,1440.0,2,1
2021-08-16,2021-08-16 08:14:59,1320.0,2,1
2021-08-16,2021-08-16 09:32:35,1900.0,2,1
2021-08-16,2021-08-16 11:07:32,3800.0,2,1
2021-08-17,2021-08-17 01:07:03,7560.0,2,1
2021-08-17,2021-08-17 01:13:17,6940.0,2,1
2021-08-17,2021-08-17 01:18:22,7780.0,2,1
2021-08-17,2021-08-17 04:37:20,6900.0,2,1
2021-08-17,2021-08-17 04:37:50,7580.0,2,1
2021-08-17,2021-08-17 04:40:05,4840.0,2,1
2021-08-17,2021-08-17 06:30:46,840.0,2,1
2021-08-17,2021-08-17 09:01:58,2360.0,2,1
2021-08-17,2021-08-17 10:24:58,1000.0,2,1
2021-08-17,2021-08-17 10:40:32,5600.0,2,1
2021-08-17,2021-08-17 10:48:55,1460.0,2,1
2021-08-17,2021-08-17 12:02:45,880.0,2,1
2021-08-18,2021-08-18 01:22:10,8520.0,2,1
2021-08-18,2021-08-18 01:32:40,8200.0,2,1
2021-08-18,2021-08-18 01:38:14,10920.0,2,1
2021-08-18,2021-08-18 04:40:01,6000.0,2,1
2021-08-18,2021-08-18 04:43:15,6980.0,2,1
2021-08-18,2021-08-18 04:44:11,9680.0,2,1
2021-08-18,2021-08-18 06:27:18,560.0,2,1
2021-08-18,2021-08-18 07:09:51,1440.0,2,1
2021-08-18,2021-08-18 08:34:45,1380.0,2,1
2021-08-18,2021-08-18 10:25:04,900.0,2,1
2021-08-18,2021-08-18 10:38:39,6440.0,2,1
2021-08-18,2021-08-18 10:51:37,920.0,2,1
2021-08-18,2021-08-18 15:57:12,2600.0,2,1
2021-08-19,2021-08-19 01:08:48,9040.0,2,1
2021-08-19,2021-08-19 01:11:09,10040.0,2,1
2021-08-19,2021-08-19 01:17:57,7740.0,2,1
2021-08-19,2021-08-19 03:48:12,2640.0,2,1
2021-08-19,2021-08-19 04:28:32,5700.0,2,1
2021-08-19,2021-08-19 04:29:22,9300.0,2,1
2021-08-19,2021-08-19 04:32:42,6920.0,2,1
2021-08-19,2021-08-19 05:46:27,940.0,2,1
2021-08-19,2021-08-19 06:34:16,600.0,2,1
2021-08-19,2021-08-19 07:16:17,2360.0,2,1
2021-08-19,2021-08-19 09:06:24,1560.0,2,1
2021-08-19,2021-08-19 10:32:06,940.0,2,1
2021-08-19,2021-08-19 10:34:22,4780.0,2,1
2021-08-19,2021-08-19 11:29:31,2120.0,2,1
2021-08-20,2021-08-20 01:12:29,7540.0,2,1
2021-08-20,2021-08-20 01:18:22,9880.0,2,1
2021-08-20,2021-08-20 01:25:22,7120.0,2,1
2021-08-20,2021-08-20 04:20:50,7020.0,2,1
2021-08-20,2021-08-20 04:33:17,9740.0,2,1
2021-08-20,2021-08-20 04:33:56,6900.0,2,1
2021-08-20,2021-08-20 06:34:38,1060.0,2,1
2021-08-20,2021-08-20 07:18:04,1180.0,2,1
2021-08-20,2021-08-20 08:43:30,540.0,2,1
2021-08-20,2021-08-20 10:26:27,560.0,2,1
2021-08-20,2021-08-20 10:48:45,4760.0,2,1
2021-08-20,2021-08-20 10:53:21,2820.0,2,1
2021-08-20,2021-08-20 16:25:38,560.0,2,1
2021-08-21,2021-08-21 01:05:51,7380.0,2,1
2021-08-21,2021-08-21 01:14:12,9640.0,2,1
2021-08-21,2021-08-21 01:15:49,10540.0,2,1
2021-08-21,2021-08-21 04:33:17,10200.0,2,1
2021-08-21,2021-08-21 04:37:21,7100.0,2,1
2021-08-21,2021-08-21 04:39:33,2680.0,2,1
2021-08-21,2021-08-21 06:30:49,3080.0,2,1
2021-08-21,2021-08-21 07:24:57,2480.0,2,1
2021-08-21,2021-08-21 08:49:41,1200.0,2,1
2021-08-21,2021-08-21 10:23:21,860.0,2,1
2021-08-21,2021-08-21 10:36:08,7200.0,2,1
2021-08-21,2021-08-21 11:01:36,3060.0,2,1
2021-08-22,2021-08-22 01:00:00,7800.0,2,1
2021-08-22,2021-08-22 01:07:56,7540.0,2,1
2021-08-22,2021-08-22 01:08:44,9180.0,2,1
2021-08-22,2021-08-22 04:31:37,6640.0,2,1
2021-08-22,2021-08-22 04:39:05,9100.0,2,1
2021-08-22,2021-08-22 04:39:46,7120.0,2,1
2021-08-23,2021-08-23 01:17:51,6640.0,2,1
2021-08-23,2021-08-23 01:27:48,8420.0,2,1
2021-08-23,2021-08-23 01:43:33,7100.0,2,1
2021-08-23,2021-08-23 04:44:57,5640.0,2,1
2021-08-23,2021-08-23 04:48:37,7340.0,2,1
2021-08-23,2021-08-23 04:49:25,6320.0,2,1
2021-08-23,2021-08-23 06:33:18,1420.0,2,1
2021-08-23,2021-08-23 07:19:11,1340.0,2,1
2021-08-23,2021-08-23 08:47:02,60.0,2,1
2021-08-23,2021-08-23 10:38:33,1180.0,2,1
2021-08-23,2021-08-23 10:40:20,4120.0,2,1
2021-08-23,2021-08-23 11:13:00,3860.0,2,1
2021-08-24,2021-08-24 01:16:16,9900.0,2,1
2021-08-24,2021-08-24 01:18:21,8300.0,2,1
2021-08-24,2021-08-24 01:28:54,8860.0,2,1
2021-08-24,2021-08-24 04:42:56,8180.0,2,1
2021-08-24,2021-08-24 04:47:31,6880.0,2,1
2021-08-24,2021-08-24 04:49:10,8640.0,2,1
2021-08-24,2021-08-24 06:30:35,1640.0,2,1
2021-08-24,2021-08-24 07:09:02,2500.0,2,1
2021-08-24,2021-08-24 08:39:18,1880.0,2,1
2021-08-24,2021-08-24 09:47:26,860.0,2,1
2021-08-24,2021-08-24 10:19:49,1220.0,2,1
2021-08-24,2021-08-24 10:42:48,4760.0,2,1
2021-08-24,2021-08-24 11:02:42,2840.0,2,1
2021-08-24,2021-08-24 16:27:26,500.0,2,1
2021-08-25,2021-08-25 01:18:02,8480.0,2,1
2021-08-25,2021-08-25 01:22:48,9000.0,2,1
2021-08-25,2021-08-25 01:28:51,7980.0,2,1
2021-08-25,2021-08-25 04:34:31,6620.0,2,1
2021-08-25,2021-08-25 04:44:38,7220.0,2,1
2021-08-25,2021-08-25 04:45:11,10080.0,2,1
2021-08-25,2021-08-25 06:29:58,960.0,2,1
2021-08-25,2021-08-25 07:12:59,1480.0,2,1
2021-08-25,2021-08-25 08:56:41,280.0,2,1
2021-08-25,2021-08-25 10:30:14,1020.0,2,1
2021-08-25,2021-08-25 10:41:55,4880.0,2,1
2021-08-25,2021-08-25 10:55:50,2480.0,2,1
2021-08-25,2021-08-25 16:28:04,580.0,2,1
2021-08-26,2021-08-26 01:08:56,10060.0,2,1
2021-08-26,2021-08-26 01:13:10,8260.0,2,1
2021-08-26,2021-08-26 01:15:48,9980.0,2,1
2021-08-26,2021-08-26 04:26:43,6540.0,2,1
2021-08-26,2021-08-26 04:33:28,7320.0,2,1
2021-08-26,2021-08-26 04:33:53,8680.0,2,1
2021-08-26,2021-08-26 06:38:03,680.0,2,1
2021-08-26,2021-08-26 07:26:01,2300.0,2,1
2021-08-26,2021-08-26 09:38:41,1640.0,2,1
2021-08-26,2021-08-26 10:23:28,1260.0,2,1
2021-08-26,2021-08-26 10:41:37,4640.0,2,1
2021-08-26,2021-08-26 11:31:03,2420.0,2,1
2021-08-27,2021-08-27 01:03:04,9420.0,2,1
2021-08-27,2021-08-27 01:09:36,8900.0,2,1
2021-08-27,2021-08-27 01:56:47,8460.0,2,1
2021-08-27,2021-08-27 04:41:19,5800.0,2,1
2021-08-27,2021-08-27 04:45:12,8640.0,2,1
2021-08-27,2021-08-27 04:45:45,9580.0,2,1
2021-08-27,2021-08-27 06:31:03,1000.0,2,1
2021-08-27,2021-08-27 07:12:52,1260.0,2,1
2021-08-27,2021-08-27 08:39:49,2760.0,2,1
2021-08-27,2021-08-27 09:33:49,140.0,2,1
2021-08-27,2021-08-27 10:30:29,1100.0,2,1
2021-08-27,2021-08-27 10:36:23,5780.0,2,1
2021-08-27,2021-08-27 10:50:57,2040.0,2,1
2021-08-27,2021-08-27 16:25:20,620.0,2,1
2021-08-28,2021-08-28 00:58:48,8380.0,2,1
2021-08-28,2021-08-28 00:59:12,10020.0,2,1
2021-08-28,2021-08-28 01:01:24,9720.0,2,1
2021-08-28,2021-08-28 04:23:25,9640.0,2,1
2021-08-28,2021-08-28 04:32:06,7660.0,2,1
2021-08-28,2021-08-28 04:37:29,8040.0,2,1
2021-08-28,2021-08-28 06:32:17,620.0,2,1
2021-08-28,2021-08-28 07:13:31,2420.0,2,1
2021-08-28,2021-08-28 09:01:22,1160.0,2,1
2021-08-28,2021-08-28 10:15:16,5680.0,2,1
2021-08-28,2021-08-28 10:32:35,1100.0,2,1
2021-08-28,2021-08-28 10:57:39,3280.0,2,1
2021-08-29,2021-08-29 00:59:52,7700.0,2,1
2021-08-29,2021-08-29 01:01:58,9720.0,2,1
2021-08-29,2021-08-29 01:07:53,8640.0,2,1
2021-08-29,2021-08-29 04:20:25,9680.0,2,1
2021-08-29,2021-08-29 04:29:48,8200.0,2,1
2021-08-29,2021-08-29 04:33:42,7400.0,2,1
2021-08-29,2021-08-29 10:47:24,960.0,2,1
2021-08-30,2021-08-30 01:01:26,7160.0,2,1
2021-08-30,2021-08-30 01:03:00,6800.0,2,1
2021-08-30,2021-08-30 02:00:10,8820.0,2,1
2021-08-30,2021-08-30 04:38:40,7620.0,2,1
2021-08-30,2021-08-30 04:43:57,6660.0,2,1
2021-08-30,2021-08-30 04:44:44,7520.0,2,1
2021-08-30,2021-08-30 06:32:50,1480.0,2,1
2021-08-30,2021-08-30 07:17:36,1440.0,2,1
2021-08-30,2021-08-30 09:07:49,240.0,2,1
2021-08-30,2021-08-30 10:33:59,1080.0,2,1
2021-08-30,2021-08-30 10:44:01,3980.0,2,1
2021-08-30,2021-08-30 11:36:24,5460.0,2,1
2021-08-30,2021-08-30 16:25:17,940.0,2,1
2021-08-31,2021-08-31 01:13:48,10580.0,2,1
2021-08-31,2021-08-31 01:19:32,8160.0,2,1
2021-08-31,2021-08-31 01:22:45,9880.0,2,1
2021-08-31,2021-08-31 04:30:11,9340.0,2,1
2021-08-31,2021-08-31 04:40:41,7180.0,2,1
2021-08-31,2021-08-31 04:43:32,7620.0,2,1
2021-08-31,2021-08-31 06:32:23,840.0,2,1
2021-08-31,2021-08-31 07:09:14,2640.0,2,1
2021-08-31,2021-08-31 08:39:11,3300.0,2,1
2021-08-31,2021-08-31 09:42:12,840.0,2,1
2021-08-31,2021-08-31 10:33:04,1100.0,2,1
2021-08-31,2021-08-31 10:42:34,4760.0,2,1
2021-08-31,2021-08-31 11:18:52,3380.0,2,1
2021-08-31,2021-08-31 16:33:06,380.0,2,1
2021-09-01,2021-09-01 01:16:05,10320.0,2,1
2021-09-01,2021-09-01 01:23:51,8900.0,2,1
2021-09-01,2021-09-01 02:21:00,8080.0,2,1
2021-09-01,2021-09-01 04:50:44,7840.0,2,1
2021-09-01,2021-09-01 04:51:30,11300.0,2,1
2021-09-01,2021-09-01 04:56:17,7020.0,2,1
2021-09-01,2021-09-01 06:34:06,960.0,2,1
2021-09-01,2021-09-01 07:16:14,1540.0,2,1
2021-09-01,2021-09-01 08:56:28,180.0,2,1
2021-09-01,2021-09-01 09:08:02,240.0,2,1
2021-09-01,2021-09-01 10:46:38,6100.0,2,1
2021-09-01,2021-09-01 10:49:23,1060.0,2,1
2021-09-01,2021-09-01 11:28:18,4260.0,2,1
2021-09-02,2021-09-02 00:59:06,8660.0,2,1
2021-09-02,2021-09-02 01:03:06,10400.0,2,1
2021-09-02,2021-09-02 01:03:33,11340.0,2,1
2021-09-02,2021-09-02 04:24:51,10820.0,2,1
2021-09-02,2021-09-02 04:31:02,8600.0,2,1
2021-09-02,2021-09-02 04:38:06,8900.0,2,1
2021-09-02,2021-09-02 10:39:27,400.0,2,1
2021-09-02,2021-09-02 10:39:59,1680.0,2,1
2021-09-03,2021-09-03 01:02:24,7900.0,2,1
2021-09-03,2021-09-03 01:06:12,9480.0,2,1
2021-09-03,2021-09-03 01:41:34,7720.0,2,1
2021-09-03,2021-09-03 04:29:07,6800.0,2,1
2021-09-03,2021-09-03 04:32:36,8620.0,2,1
2021-09-03,2021-09-03 06:30:50,740.0,2,1
2021-09-03,2021-09-03 07:17:57,780.0,2,1
2021-09-03,2021-09-03 08:43:17,3460.0,2,1
2021-09-03,2021-09-03 10:22:09,40.0,2,1
2021-09-03,2021-09-03 10:39:38,5620.0,2,1
2021-09-03,2021-09-03 10:41:44,720.0,2,1
2021-09-03,2021-09-03 11:08:01,2580.0,2,1
2021-09-03,2021-09-03 16:33:41,700.0,2,1
2021-09-04,2021-09-04 01:02:46,8300.0,2,1
2021-09-04,2021-09-04 01:08:07,10900.0,2,1
2021-09-04,2021-09-04 01:13:53,12080.0,2,1
2021-09-04,2021-09-04 04:35:19,8660.0,2,1
2021-09-04,2021-09-04 04:37:55,10460.0,2,1
2021-09-04,2021-09-04 04:41:13,9140.0,2,1
2021-09-04,2021-09-04 06:33:28,1460.0,2,1
2021-09-04,2021-09-04 07:15:36,4640.0,2,1
2021-09-04,2021-09-04 09:02:31,2460.0,2,1
2021-09-04,2021-09-04 10:32:04,1380.0,2,1
2021-09-04,2021-09-04 10:32:42,4180.0,2,1
2021-09-04,2021-09-04 11:00:05,3500.0,2,1
2021-09-05,2021-09-05 01:03:30,10940.0,2,1
2021-09-05,2021-09-05 01:19:29,8340.0,2,1
2021-09-05,2021-09-05 01:32:55,8980.0,2,1
2021-09-05,2021-09-05 04:42:53,11540.0,2,1
2021-09-05,2021-09-05 04:43:46,6800.0,2,1
2021-09-05,2021-09-05 04:46:59,7600.0,2,1
2021-09-05,2021-09-05 10:47:56,1000.0,2,1
2021-09-06,2021-09-06 01:28:58,8000.0,2,1
2021-09-06,2021-09-06 01:31:18,8540.0,2,1
2021-09-06,2021-09-06 01:44:34,9460.0,2,1
2021-09-06,2021-09-06 04:44:28,6420.0,2,1
2021-09-06,2021-09-06 04:44:55,6100.0,2,1
2021-09-06,2021-09-06 04:46:13,8580.0,2,1
2021-09-06,2021-09-06 06:31:53,1820.0,2,1
2021-09-06,2021-09-06 08:31:49,80.0,2,1
2021-09-06,2021-09-06 09:28:11,1300.0,2,1
2021-09-06,2021-09-06 10:44:32,3640.0,2,1
2021-09-06,2021-09-06 10:52:45,720.0,2,1
2021-09-06,2021-09-06 11:17:31,4440.0,2,1
2021-09-06,2021-09-06 19:42:29,700.0,2,1
2021-09-07,2021-09-07 01:10:15,7760.0,2,1
2021-09-07,2021-09-07 01:40:17,12280.0,2,1
2021-09-07,2021-09-07 02:20:08,7340.0,2,1
2021-09-07,2021-09-07 04:37:00,9340.0,2,1
2021-09-07,2021-09-07 04:43:02,7080.0,2,1
2021-09-07,2021-09-07 04:43:47,6020.0,2,1
2021-09-07,2021-09-07 06:29:21,2180.0,2,1
2021-09-07,2021-09-07 07:29:04,3010.0,2,1
2021-09-07,2021-09-07 09:15:55,360.0,2,1
2021-09-07,2021-09-07 10:36:16,1140.0,2,1
2021-09-07,2021-09-07 10:36:54,5500.0,2,1
2021-09-07,2021-09-07 11:13:34,3700.0,2,1
2021-09-07,2021-09-07 16:32:34,1000.0,2,1
2021-09-08,2021-09-08 01:23:43,9480.0,2,1
2021-09-08,2021-09-08 01:30:35,10400.0,2,1
2021-09-08,2021-09-08 04:47:10,9900.0,2,1
2021-09-08,2021-09-08 04:53:40,6920.0,2,1
2021-09-08,2021-09-08 04:55:49,7000.0,2,1
2021-09-08,2021-09-08 06:29:17,760.0,2,1
2021-09-08,2021-09-08 07:14:52,1980.0,2,1
2021-09-08,2021-09-08 09:40:36,880.0,2,1
2021-09-08,2021-09-08 10:31:15,980.0,2,1
2021-09-08,2021-09-08 10:46:41,4240.0,2,1
2021-09-08,2021-09-08 11:02:03,3040.0,2,1
2021-09-08,2021-09-08 16:24:35,720.0,2,1
2021-09-08,2021-09-08 22:52:54,14620.0,2,1
2021-09-09,2021-09-09 01:11:29,11220.0,2,1
2021-09-09,2021-09-09 01:19:16,9020.0,2,1
2021-09-09,2021-09-09 02:29:17,9700.0,2,1
2021-09-09,2021-09-09 04:47:08,11640.0,2,1
2021-09-09,2021-09-09 04:47:41,6320.0,2,1
2021-09-09,2021-09-09 04:50:50,7020.0,2,1
2021-09-09,2021-09-09 06:33:16,2620.0,2,1
2021-09-09,2021-09-09 07:54:42,380.0,2,1
2021-09-09,2021-09-09 08:50:56,1640.0,2,1
2021-09-09,2021-09-09 10:15:15,920.0,2,1
2021-09-09,2021-09-09 10:39:48,5280.0,2,1
2021-09-09,2021-09-09 11:30:38,2660.0,2,1
2021-09-10,2021-09-10 01:12:28,11160.0,2,1
2021-09-10,2021-09-10 01:12:51,9640.0,2,1
2021-09-10,2021-09-10 01:34:56,9340.0,2,1
2021-09-10,2021-09-10 04:31:29,10340.0,2,1
2021-09-10,2021-09-10 04:34:18,5900.0,2,1
2021-09-10,2021-09-10 04:35:13,8300.0,2,1
2021-09-10,2021-09-10 06:27:36,880.0,2,1
2021-09-10,2021-09-10 08:31:28,2600.0,2,1
2021-09-10,2021-09-10 08:53:11,1100.0,2,1
2021-09-10,2021-09-10 09:32:11,120.0,2,1
2021-09-10,2021-09-10 10:09:53,1460.0,2,1
2021-09-10,2021-09-10 10:34:51,5280.0,2,1
2021-09-10,2021-09-10 11:02:43,2560.0,2,1
2021-09-10,2021-09-10 16:13:24,460.0,2,1
2021-09-11,2021-09-11 01:13:44,9460.0,2,1
2021-09-11,2021-09-11 01:15:06,11540.0,2,1
2021-09-11,2021-09-11 01:23:34,10720.0,2,1
2021-09-11,2021-09-11 04:24:11,7480.0,2,1
2021-09-11,2021-09-11 04:31:25,7460.0,2,1
2021-09-11,2021-09-11 04:34:44,10220.0,2,1
2021-09-11,2021-09-11 06:42:09,2380.0,2,1
2021-09-11,2021-09-11 07:39:41,2640.0,2,1
2021-09-11,2021-09-11 08:46:24,2140.0,2,1
2021-09-11,2021-09-11 09:31:36,1360.0,2,1
2021-09-11,2021-09-11 10:51:42,5320.0,2,1
2021-09-11,2021-09-11 11:21:33,2560.0,2,1
2021-09-11,2021-09-11 11:39:43,1160.0,2,1
2021-09-11,2021-09-11 12:42:54,100.0,2,1
2021-09-12,2021-09-12 00:52:24,9200.0,2,1
2021-09-12,2021-09-12 01:05:59,7940.0,2,1
2021-09-12,2021-09-12 01:08:37,10980.0,2,1
2021-09-12,2021-09-12 04:26:34,7420.0,2,1
2021-09-12,2021-09-12 04:30:45,8900.0,2,1
2021-09-12,2021-09-12 04:33:19,10260.0,2,1
2021-09-13,2021-09-13 01:13:57,8840.0,2,1
2021-09-13,2021-09-13 01:16:32,7660.0,2,1
2021-09-13,2021-09-13 01:36:48,8760.0,2,1
2021-09-13,2021-09-13 04:35:09,8500.0,2,1
2021-09-13,2021-09-13 04:37:32,5440.0,2,1
2021-09-13,2021-09-13 04:38:12,6960.0,2,1
2021-09-13,2021-09-13 06:53:56,1300.0,2,1
2021-09-13,2021-09-13 08:58:08,1720.0,2,1
2021-09-13,2021-09-13 09:14:11,60.0,2,1
2021-09-13,2021-09-13 10:27:45,1380.0,2,1
2021-09-13,2021-09-13 10:46:41,4560.0,2,1
2021-09-13,2021-09-13 12:30:04,4400.0,2,1
2021-09-14,2021-09-14 01:06:05,10300.0,2,1
2021-09-14,2021-09-14 01:11:09,8960.0,2,1
2021-09-14,2021-09-14 01:19:33,11500.0,2,1
2021-09-14,2021-09-14 04:25:10,6500.0,2,1
2021-09-14,2021-09-14 04:28:27,8340.0,2,1
2021-09-14,2021-09-14 04:34:18,10660.0,2,1
2021-09-14,2021-09-14 06:29:19,1020.0,2,1
2021-09-14,2021-09-14 07:13:00,2880.0,2,1
2021-09-14,2021-09-14 07:19:57,2460.0,2,1
2021-09-14,2021-09-14 08:49:02,2920.0,2,1
2021-09-14,2021-09-14 09:22:28,3220.0,2,1
2021-09-14,2021-09-14 10:20:39,840.0,2,1
2021-09-14,2021-09-14 10:43:55,6140.0,2,1
2021-09-14,2021-09-14 10:58:43,2860.0,2,1
2021-09-14,2021-09-14 16:19:27,620.0,2,1
2021-09-15,2021-09-15 01:04:42,10400.0,2,1
2021-09-15,2021-09-15 01:16:48,11480.0,2,1
2021-09-15,2021-09-15 01:17:21,9640.0,2,1
2021-09-15,2021-09-15 04:24:31,9280.0,2,1
2021-09-15,2021-09-15 04:32:26,10700.0,2,1
2021-09-15,2021-09-15 04:32:55,9620.0,2,1
2021-09-15,2021-09-15 06:34:40,860.0,2,1
2021-09-15,2021-09-15 10:04:02,1380.0,2,1
2021-09-15,2021-09-15 10:06:12,2660.0,2,1
2021-09-15,2021-09-15 10:09:17,340.0,2,1
2021-09-15,2021-09-15 10:39:30,4680.0,2,1
2021-09-15,2021-09-15 11:06:54,2940.0,2,1
2021-09-16,2021-09-16 01:09:49,9900.0,2,1
2021-09-16,2021-09-16 01:10:24,11780.0,2,1
2021-09-16,2021-09-16 01:24:20,11740.0,2,1
2021-09-16,2021-09-16 04:28:36,9500.0,2,1
2021-09-16,2021-09-16 04:40:25,9680.0,2,1
2021-09-16,2021-09-16 04:42:24,7680.0,2,1
2021-09-16,2021-09-16 06:32:16,1790.0,2,1
2021-09-16,2021-09-16 09:27:04,1320.0,2,1
2021-09-16,2021-09-16 10:02:59,2700.0,2,1
2021-09-16,2021-09-16 10:21:26,2140.0,2,1
2021-09-16,2021-09-16 10:40:27,5500.0,2,1
2021-09-16,2021-09-16 10:53:37,1960.0,2,1
2021-09-16,2021-09-16 16:21:42,800.0,2,1
2021-09-17,2021-09-17 00:59:00,9580.0,2,1
2021-09-17,2021-09-17 01:29:14,8060.0,2,1
2021-09-17,2021-09-17 02:56:03,8000.0,2,1
2021-09-17,2021-09-17 04:39:16,9760.0,2,1
2021-09-17,2021-09-17 04:42:24,8860.0,2,1
2021-09-17,2021-09-17 04:43:55,4880.0,2,1
2021-09-17,2021-09-17 06:26:31,880.0,2,1
2021-09-17,2021-09-17 08:37:36,1680.0,2,1
2021-09-17,2021-09-17 09:38:02,200.0,2,1
2021-09-17,2021-09-17 10:01:47,3120.0,2,1
2021-09-17,2021-09-17 10:49:02,5200.0,2,1
2021-09-17,2021-09-17 10:49:27,2220.0,2,1
2021-09-17,2021-09-17 16:10:50,120.0,2,1
2021-09-18,2021-09-18 01:11:18,11020.0,2,1
2021-09-18,2021-09-18 01:28:36,9820.0,2,1
2021-09-18,2021-09-18 03:19:11,9540.0,2,1
2021-09-18,2021-09-18 04:42:22,11700.0,2,1
2021-09-18,2021-09-18 04:49:38,3940.0,2,1
2021-09-18,2021-09-18 04:53:54,10100.0,2,1
2021-09-18,2021-09-18 06:31:15,1520.0,2,1
2021-09-18,2021-09-18 07:09:47,2900.0,2,1
2021-09-18,2021-09-18 09:28:39,1800.0,2,1
2021-09-18,2021-09-18 10:33:12,3040.0,2,1
2021-09-18,2021-09-18 10:46:47,2720.0,2,1
2021-09-18,2021-09-18 11:01:15,1060.0,2,1
2021-09-18,2021-09-18 11:10:44,5720.0,2,1
2021-09-18,2021-09-18 12:14:00,10880.0,2,1
2021-09-19,2021-09-19 01:02:29,9940.0,2,1
2021-09-19,2021-09-19 01:16:41,10040.0,2,1
2021-09-19,2021-09-19 01:27:01,9320.0,2,1
2021-09-19,2021-09-19 04:47:12,10780.0,2,1
2021-09-19,2021-09-19 04:47:45,8100.0,2,1
2021-09-19,2021-09-19 04:50:03,6960.0,2,1
2021-09-20,2021-09-20 01:05:50,8820.0,2,1
2021-09-20,2021-09-20 01:29:49,8580.0,2,1
2021-09-20,2021-09-20 01:34:35,8840.0,2,1
2021-09-20,2021-09-20 04:45:15,8660.0,2,1
2021-09-20,2021-09-20 04:48:40,8940.0,2,1
2021-09-20,2021-09-20 04:50:55,6360.0,2,1
2021-09-20,2021-09-20 06:27:34,1420.0,2,1
2021-09-20,2021-09-20 07:16:26,1020.0,2,1
2021-09-20,2021-09-20 08:46:50,80.0,2,1
2021-09-20,2021-09-20 10:54:17,4620.0,2,1
2021-09-20,2021-09-20 11:09:17,2780.0,2,1
2021-09-20,2021-09-20 11:27:23,3560.0,2,1
2021-09-21,2021-09-21 01:05:57,10500.0,2,1
2021-09-21,2021-09-21 01:16:44,10980.0,2,1
2021-09-21,2021-09-21 01:24:26,9280.0,2,1
2021-09-21,2021-09-21 04:39:48,7540.0,2,1
2021-09-21,2021-09-21 04:46:01,10980.0,2,1
2021-09-21,2021-09-21 04:47:10,6500.0,2,1
2021-09-21,2021-09-21 06:29:23,960.0,2,1
2021-09-21,2021-09-21 07:10:45,2980.0,2,1
2021-09-21,2021-09-21 09:12:11,2960.0,2,1
2021-09-21,2021-09-21 10:33:16,840.0,2,1
2021-09-21,2021-09-21 10:45:44,6340.0,2,1
2021-09-21,2021-09-21 10:59:03,2880.0,2,1
2021-09-21,2021-09-21 11:17:53,1800.0,2,1
2021-09-21,2021-09-21 16:23:23,860.0,2,1
2021-09-22,2021-09-22 01:18:21,9740.0,2,1
2021-09-22,2021-09-22 01:18:52,10420.0,2,1
2021-09-22,2021-09-22 01:30:00,9480.0,2,1
2021-09-22,2021-09-22 04:46:29,8760.0,2,1
2021-09-22,2021-09-22 04:47:12,10840.0,2,1
2021-09-22,2021-09-22 04:47:41,7440.0,2,1
2021-09-22,2021-09-22 06:31:47,820.0,2,1
2021-09-22,2021-09-22 07:16:56,1660.0,2,1
2021-09-22,2021-09-22 08:43:41,220.0,2,1
2021-09-22,2021-09-22 10:32:42,1420.0,2,1
2021-09-22,2021-09-22 10:38:51,5540.0,2,1
2021-09-22,2021-09-22 11:11:38,2740.0,2,1
2021-09-22,2021-09-22 16:34:55,660.0,2,1
2021-09-23,2021-09-23 01:06:44,10540.0,2,1
2021-09-23,2021-09-23 01:13:08,10160.0,2,1
2021-09-23,2021-09-23 01:22:15,10460.0,2,1
2021-09-23,2021-09-23 04:28:19,8420.0,2,1
2021-09-23,2021-09-23 04:29:39,8400.0,2,1
2021-09-23,2021-09-23 04:30:33,9200.0,2,1
2021-09-23,2021-09-23 06:31:27,820.0,2,1
2021-09-23,2021-09-23 07:09:46,2660.0,2,1
2021-09-23,2021-09-23 08:37:31,2180.0,2,1
2021-09-23,2021-09-23 09:32:59,1360.0,2,1
2021-09-23,2021-09-23 10:46:51,5280.0,2,1
2021-09-23,2021-09-23 10:58:10,2340.0,2,1
2021-09-23,2021-09-23 11:29:05,2480.0,2,1
2021-09-24,2021-09-24 00:59:55,10100.0,2,1
2021-09-24,2021-09-24 01:12:38,10180.0,2,1
2021-09-24,2021-09-24 01:46:09,9420.0,2,1
2021-09-24,2021-09-24 04:40:05,10220.0,2,1
2021-09-24,2021-09-24 04:40:40,9740.0,2,1
2021-09-24,2021-09-24 04:45:47,6160.0,2,1
2021-09-24,2021-09-24 06:25:54,1160.0,2,1
2021-09-24,2021-09-24 08:21:20,1040.0,2,1
2021-09-24,2021-09-24 09:23:49,140.0,2,1
2021-09-24,2021-09-24 10:23:15,3520.0,2,1
2021-09-24,2021-09-24 10:56:23,5540.0,2,1
2021-09-24,2021-09-24 11:04:15,2760.0,2,1
2021-09-24,2021-09-24 16:23:37,840.0,2,1
2021-09-25,2021-09-25 01:03:49,11160.0,2,1
2021-09-25,2021-09-25 01:08:13,11840.0,2,1
2021-09-25,2021-09-25 01:36:27,10620.0,2,1
2021-09-25,2021-09-25 04:28:11,10820.0,2,1
2021-09-25,2021-09-25 04:38:49,8880.0,2,1
2021-09-25,2021-09-25 04:40:12,7140.0,2,1
2021-09-25,2021-09-25 06:27:20,840.0,2,1
2021-09-25,2021-09-25 08:14:49,2700.0,2,1
2021-09-25,2021-09-25 09:00:45,3480.0,2,1
2021-09-25,2021-09-25 09:23:28,1140.0,2,1
2021-09-25,2021-09-25 10:48:07,6080.0,2,1
2021-09-25,2021-09-25 11:02:25,2900.0,2,1
2021-09-25,2021-09-25 12:09:18,1120.0,2,1
2021-09-26,2021-09-26 01:06:49,11340.0,2,1
2021-09-26,2021-09-26 01:17:06,9340.0,2,1
2021-09-26,2021-09-26 01:24:11,9340.0,2,1
2021-09-26,2021-09-26 04:40:56,8380.0,2,1
2021-09-26,2021-09-26 04:41:42,7300.0,2,1
2021-09-26,2021-09-26 04:43:28,9900.0,2,1
2021-09-27,2021-09-27 01:29:39,10220.0,2,1
2021-09-27,2021-09-27 01:31:10,9180.0,2,1
2021-09-27,2021-09-27 01:54:26,10180.0,2,1
2021-09-27,2021-09-27 05:01:37,7460.0,2,1
2021-09-27,2021-09-27 05:02:07,8060.0,2,1
2021-09-27,2021-09-27 05:02:40,7380.0,2,1
2021-09-27,2021-09-27 06:29:16,1420.0,2,1
2021-09-27,2021-09-27 08:19:07,4180.0,2,1
2021-09-27,2021-09-27 09:29:12,2120.0,2,1
2021-09-27,2021-09-27 10:52:49,120.0,2,1
2021-09-27,2021-09-27 10:54:44,1600.0,2,1
2021-09-27,2021-09-27 11:09:03,4480.0,2,1
2021-09-27,2021-09-27 11:24:43,3800.0,2,1
2021-09-28,2021-09-28 01:22:33,9900.0,2,1
2021-09-28,2021-09-28 01:23:50,10280.0,2,1
2021-09-28,2021-09-28 02:55:38,9460.0,2,1
2021-09-28,2021-09-28 04:50:54,7020.0,2,1
2021-09-28,2021-09-28 04:51:43,5080.0,2,1
2021-09-28,2021-09-28 04:53:32,9800.0,2,1
2021-09-28,2021-09-28 06:33:44,1480.0,2,1
2021-09-28,2021-09-28 07:15:45,2920.0,2,1
2021-09-28,2021-09-28 09:18:40,1000.0,2,1
2021-09-28,2021-09-28 10:37:02,1940.0,2,1
2021-09-28,2021-09-28 10:47:02,6300.0,2,1
2021-09-28,2021-09-28 11:13:01,2840.0,2,1
2021-09-28,2021-09-28 16:23:16,720.0,2,1
2021-09-28,2021-09-28 23:46:32,10580.0,2,1
2021-09-29,2021-09-29 01:23:59,9500.0,2,1
2021-09-29,2021-09-29 01:35:32,9180.0,2,1
2021-09-29,2021-09-29 02:40:00,9620.0,2,1
2021-09-29,2021-09-29 04:48:48,6620.0,2,1
2021-09-29,2021-09-29 04:49:21,8240.0,2,1
2021-09-29,2021-09-29 04:52:07,7660.0,2,1
2021-09-29,2021-09-29 06:32:16,720.0,2,1
2021-09-29,2021-09-29 07:14:06,860.0,2,1
2021-09-29,2021-09-29 08:58:11,2940.0,2,1
2021-09-29,2021-09-29 10:48:02,2500.0,2,1
2021-09-29,2021-09-29 10:51:48,5900.0,2,1
2021-09-29,2021-09-29 11:25:34,80.0,2,1
2021-09-29,2021-09-29 16:33:03,1420.0,2,1
2021-09-30,2021-09-30 01:13:02,10540.0,2,1
2021-09-30,2021-09-30 01:16:43,9500.0,2,1
2021-09-30,2021-09-30 01:19:14,11260.0,2,1
2021-09-30,2021-09-30 04:23:11,10720.0,2,1
2021-09-30,2021-09-30 04:32:51,7780.0,2,1
2021-09-30,2021-09-30 04:33:26,6780.0,2,1
2021-09-30,2021-09-30 06:30:02,1020.0,2,1
2021-09-30,2021-09-30 07:07:44,2680.0,2,1
2021-09-30,2021-09-30 09:04:39,1540.0,2,1
2021-09-30,2021-09-30 10:50:42,2180.0,2,1
2021-09-30,2021-09-30 10:57:06,3700.0,2,1
2021-09-30,2021-09-30 10:58:04,6080.0,2,1
2021-10-01,2021-10-01 01:13:45,9660.0,2,1
2021-10-01,2021-10-01 01:14:19,11000.0,2,1
2021-10-01,2021-10-01 01:15:24,9360.0,2,1
2021-10-01,2021-10-01 04:28:27,7860.0,2,1
2021-10-01,2021-10-01 04:30:13,10120.0,2,1
2021-10-01,2021-10-01 04:30:45,8020.0,2,1
2021-10-01,2021-10-01 06:27:59,1080.0,2,1
2021-10-01,2021-10-01 07:15:49,1200.0,2,1
2021-10-01,2021-10-01 08:50:12,3740.0,2,1
2021-10-01,2021-10-01 10:45:12,5580.0,2,1
2021-10-01,2021-10-01 10:52:18,2200.0,2,1
2021-10-01,2021-10-01 11:22:10,1800.0,2,1
2021-10-01,2021-10-01 11:25:01,200.0,2,1
2021-10-01,2021-10-01 16:20:18,540.0,2,1
2021-10-02,2021-10-02 01:10:52,11380.0,2,1
2021-10-02,2021-10-02 01:17:00,11340.0,2,1
2021-10-02,2021-10-02 01:19:26,9740.0,2,1
2021-10-02,2021-10-02 04:39:38,7600.0,2,1
2021-10-02,2021-10-02 04:40:45,9460.0,2,1
2021-10-02,2021-10-02 04:42:25,10500.0,2,1
2021-10-02,2021-10-02 06:34:03,660.0,2,1
2021-10-02,2021-10-02 07:14:43,2880.0,2,1
2021-10-02,2021-10-02 09:01:32,1300.0,2,1
2021-10-02,2021-10-02 10:33:09,6220.0,2,1
2021-10-02,2021-10-02 10:56:12,2860.0,2,1
2021-10-03,2021-10-03 00:59:47,11360.0,2,1
2021-10-03,2021-10-03 01:07:28,9040.0,2,1
2021-10-03,2021-10-03 01:24:21,9620.0,2,1
2021-10-03,2021-10-03 04:35:51,11440.0,2,1
2021-10-03,2021-10-03 04:38:34,8940.0,2,1
2021-10-03,2021-10-03 04:46:24,7640.0,2,1
2021-10-04,2021-10-04 01:26:33,8720.0,2,1
2021-10-04,2021-10-04 01:27:06,9180.0,2,1
2021-10-04,2021-10-04 02:03:38,9780.0,2,1
2021-10-04,2021-10-04 04:44:36,8500.0,2,1
2021-10-04,2021-10-04 04:46:13,8160.0,2,1
2021-10-04,2021-10-04 04:46:45,8260.0,2,1
2021-10-04,2021-10-04 06:32:28,1640.0,2,1
2021-10-04,2021-10-04 07:18:26,1500.0,2,1
2021-10-04,2021-10-04 08:43:07,2900.0,2,1
2021-10-04,2021-10-04 09:37:52,60.0,2,1
2021-10-04,2021-10-04 10:46:21,4440.0,2,1
2021-10-04,2021-10-04 11:27:10,2740.0,2,1
2021-10-04,2021-10-04 12:05:14,4420.0,2,1
2021-10-05,2021-10-05 01:21:05,10040.0,2,1
2021-10-05,2021-10-05 01:22:23,10780.0,2,1
2021-10-05,2021-10-05 01:25:34,12000.0,2,1
2021-10-05,2021-10-05 04:35:29,6800.0,2,1
2021-10-05,2021-10-05 04:36:05,8760.0,2,1
2021-10-05,2021-10-05 04:39:00,10980.0,2,1
2021-10-05,2021-10-05 06:21:53,3920.0,2,1
2021-10-05,2021-10-05 07:16:04,3140.0,2,1
2021-10-05,2021-10-05 09:16:18,1040.0,2,1
2021-10-05,2021-10-05 10:34:40,1620.0,2,1
2021-10-05,2021-10-05 10:54:46,5680.0,2,1
2021-10-05,2021-10-05 11:05:39,3140.0,2,1
2021-10-06,2021-10-06 01:22:14,9400.0,2,1
2021-10-06,2021-10-06 01:29:11,10760.0,2,1
2021-10-06,2021-10-06 01:34:12,8900.0,2,1
2021-10-06,2021-10-06 04:43:22,6820.0,2,1
2021-10-06,2021-10-06 04:43:56,10520.0,2,1
2021-10-06,2021-10-06 04:45:02,8100.0,2,1
2021-10-06,2021-10-06 06:23:51,820.0,2,1
2021-10-06,2021-10-06 07:09:44,1660.0,2,1
2021-10-06,2021-10-06 08:38:27,2320.0,2,1
2021-10-06,2021-10-06 09:23:51,120.0,2,1
2021-10-06,2021-10-06 10:32:16,1120.0,2,1
2021-10-06,2021-10-06 10:55:40,4880.0,2,1
2021-10-06,2021-10-06 11:15:11,2880.0,2,1
2021-10-07,2021-10-07 01:07:04,10860.0,2,1
2021-10-07,2021-10-07 01:13:25,11460.0,2,1
2021-10-07,2021-10-07 01:24:50,9900.0,2,1
2021-10-07,2021-10-07 04:31:13,6260.0,2,1
2021-10-07,2021-10-07 04:38:42,9800.0,2,1
2021-10-07,2021-10-07 04:39:10,8060.0,2,1
2021-10-07,2021-10-07 06:33:27,1580.0,2,1
2021-10-07,2021-10-07 07:12:28,2940.0,2,1
2021-10-07,2021-10-07 09:28:03,1820.0,2,1
2021-10-07,2021-10-07 10:30:32,1480.0,2,1
2021-10-07,2021-10-07 10:42:53,5200.0,2,1
2021-10-07,2021-10-07 11:14:24,2720.0,2,1
2021-10-08,2021-10-08 01:14:17,9300.0,2,1
2021-10-08,2021-10-08 01:23:59,9040.0,2,1
2021-10-08,2021-10-08 01:29:01,11640.0,2,1
2021-10-08,2021-10-08 01:45:52,9140.0,2,1
2021-10-08,2021-10-08 04:45:22,6020.0,2,1
2021-10-08,2021-10-08 04:53:48,10380.0,2,1
2021-10-08,2021-10-08 06:30:57,1060.0,2,1
2021-10-08,2021-10-08 07:12:06,1300.0,2,1
2021-10-08,2021-10-08 08:45:11,3200.0,2,1
2021-10-08,2021-10-08 09:40:23,180.0,2,1
2021-10-08,2021-10-08 10:32:42,1720.0,2,1
2021-10-08,2021-10-08 10:46:37,5840.0,2,1
2021-10-08,2021-10-08 11:01:43,2960.0,2,1
2021-10-09,2021-10-09 01:17:34,12040.0,2,1
2021-10-09,2021-10-09 01:19:26,10860.0,2,1
2021-10-09,2021-10-09 01:20:50,10260.0,2,1
2021-10-09,2021-10-09 04:34:02,8760.0,2,1
2021-10-09,2021-10-09 04:36:51,9480.0,2,1
2021-10-09,2021-10-09 04:37:25,8460.0,2,1
2021-10-09,2021-10-09 06:37:30,660.0,2,1
2021-10-09,2021-10-09 07:44:51,3000.0,2,1
2021-10-09,2021-10-09 09:12:28,1800.0,2,1
2021-10-09,2021-10-09 10:56:55,5820.0,2,1
2021-10-09,2021-10-09 11:12:14,3560.0,2,1
2021-10-09,2021-10-09 11:33:42,1240.0,2,1
2021-10-10,2021-10-10 01:00:08,9820.0,2,1
2021-10-10,2021-10-10 01:01:18,11120.0,2,1
2021-10-10,2021-10-10 01:14:50,9540.0,2,1
2021-10-10,2021-10-10 04:27:55,7080.0,2,1
2021-10-10,2021-10-10 04:29:38,10040.0,2,1
2021-10-10,2021-10-10 04:31:06,7740.0,2,1
2021-10-11,2021-10-11 01:11:02,7280.0,2,1
2021-10-11,2021-10-11 01:19:50,7620.0,2,1
2021-10-11,2021-10-11 01:47:42,8860.0,2,1
2021-10-11,2021-10-11 04:35:32,7140.0,2,1
2021-10-11,2021-10-11 04:36:20,7360.0,2,1
2021-10-11,2021-10-11 04:38:13,7240.0,2,1
2021-10-11,2021-10-11 06:34:12,1660.0,2,1
2021-10-11,2021-10-11 07:16:09,1480.0,2,1
2021-10-11,2021-10-11 08:38:22,4980.0,2,1
2021-10-11,2021-10-11 09:30:13,60.0,2,1
2021-10-11,2021-10-11 10:35:47,3420.0,2,1
2021-10-11,2021-10-11 10:42:09,800.0,2,1
2021-10-11,2021-10-11 11:21:37,3920.0,2,1
2021-10-12,2021-10-12 01:01:11,10420.0,2,1
2021-10-12,2021-10-12 01:02:07,10440.0,2,1
2021-10-12,2021-10-12 01:12:22,9020.0,2,1
2021-10-12,2021-10-12 04:30:34,6840.0,2,1
2021-10-12,2021-10-12 04:34:24,9680.0,2,1
2021-10-12,2021-10-12 04:35:56,9120.0,2,1
2021-10-13,2021-10-13 00:58:50,7680.0,2,1
2021-10-13,2021-10-13 00:59:28,8900.0,2,1
2021-10-13,2021-10-13 01:44:21,7760.0,2,1
2021-10-13,2021-10-13 04:30:27,9760.0,2,1
2021-10-13,2021-10-13 04:32:53,7020.0,2,1
2021-10-13,2021-10-13 04:34:12,5500.0,2,1
2021-10-13,2021-10-13 06:32:15,260.0,2,1
2021-10-13,2021-10-13 08:42:43,3760.0,2,1
2021-10-13,2021-10-13 09:17:36,1980.0,2,1
2021-10-13,2021-10-13 10:38:22,820.0,2,1
2021-10-13,2021-10-13 10:45:56,2140.0,2,1
2021-10-13,2021-10-13 10:46:26,5180.0,2,1
2021-10-13,2021-10-13 11:42:54,5560.0,2,1
2021-10-14,2021-10-14 01:08:51,10800.0,2,1
2021-10-14,2021-10-14 01:21:17,9180.0,2,1
2021-10-14,2021-10-14 01:30:03,11360.0,2,1
2021-10-14,2021-10-14 04:23:37,6900.0,2,1
2021-10-14,2021-10-14 04:24:11,8100.0,2,1
2021-10-14,2021-10-14 04:24:49,8940.0,2,1
2021-10-14,2021-10-14 06:22:15,1460.0,2,1
2021-10-14,2021-10-14 08:16:00,1340.0,2,1
2021-10-14,2021-10-14 09:16:21,3140.0,2,1
2021-10-14,2021-10-14 10:46:31,420.0,2,1
2021-10-14,2021-10-14 10:55:12,5120.0,2,1
2021-10-14,2021-10-14 11:07:52,2940.0,2,1
2021-10-14,2021-10-14 11:23:03,2040.0,2,1
2021-10-15,2021-10-15 01:17:23,9260.0,2,1
2021-10-15,2021-10-15 01:33:37,11240.0,2,1
2021-10-15,2021-10-15 01:34:34,8340.0,2,1
2021-10-15,2021-10-15 04:31:45,7760.0,2,1
2021-10-15,2021-10-15 04:32:16,9060.0,2,1
2021-10-15,2021-10-15 04:36:12,7180.0,2,1
2021-10-15,2021-10-15 06:29:15,940.0,2,1
2021-10-15,2021-10-15 07:10:18,840.0,2,1
2021-10-15,2021-10-15 08:50:31,100.0,2,1
2021-10-15,2021-10-15 10:46:30,440.0,2,1
2021-10-15,2021-10-15 10:47:09,4960.0,2,1
2021-10-15,2021-10-15 10:59:38,2620.0,2,1
2021-10-16,2021-10-16 01:08:43,11300.0,2,1
2021-10-16,2021-10-16 01:10:42,10560.0,2,1
2021-10-16,2021-10-16 01:11:20,9940.0,2,1
2021-10-16,2021-10-16 04:24:37,10060.0,2,1
2021-10-16,2021-10-16 04:29:00,7680.0,2,1
2021-10-16,2021-10-16 04:31:20,8400.0,2,1
2021-10-16,2021-10-16 06:29:52,720.0,2,1
2021-10-16,2021-10-16 07:08:26,2940.0,2,1
2021-10-16,2021-10-16 08:35:24,4160.0,2,1
2021-10-16,2021-10-16 09:32:34,1300.0,2,1
2021-10-16,2021-10-16 10:45:47,5240.0,2,1
2021-10-16,2021-10-16 10:50:21,3140.0,2,1
2021-10-16,2021-10-16 12:15:34,860.0,2,1
2021-10-17,2021-10-17 00:54:43,10640.0,2,1
2021-10-17,2021-10-17 01:01:21,9360.0,2,1
2021-10-17,2021-10-17 01:44:07,9560.0,2,1
2021-10-17,2021-10-17 04:24:47,10220.0,2,1
2021-10-17,2021-10-17 04:37:33,6560.0,2,1
2021-10-17,2021-10-17 04:38:17,8200.0,2,1
2021-10-18,2021-10-18 01:10:22,7960.0,2,1
2021-10-18,2021-10-18 01:20:25,9500.0,2,1
2021-10-18,2021-10-18 01:20:56,8460.0,2,1
2021-10-18,2021-10-18 04:27:28,8920.0,2,1
2021-10-18,2021-10-18 04:33:45,6180.0,2,1
2021-10-18,2021-10-18 04:35:09,6660.0,2,1
2021-10-18,2021-10-18 06:22:38,1340.0,2,1
2021-10-18,2021-10-18 08:35:30,1600.0,2,1
2021-10-18,2021-10-18 09:34:08,100.0,2,1
2021-10-18,2021-10-18 10:54:11,4440.0,2,1
2021-10-18,2021-10-18 11:05:04,3680.0,2,1
2021-10-18,2021-10-18 11:17:08,260.0,2,1
2021-10-19,2021-10-19 01:04:02,10800.0,2,1
2021-10-19,2021-10-19 01:24:55,9840.0,2,1
2021-10-19,2021-10-19 01:25:22,10760.0,2,1
2021-10-19,2021-10-19 04:32:12,6300.0,2,1
2021-10-19,2021-10-19 04:37:19,9580.0,2,1
2021-10-19,2021-10-19 04:38:10,8940.0,2,1
2021-10-19,2021-10-19 06:25:59,3080.0,2,1
2021-10-19,2021-10-19 07:20:31,3020.0,2,1
2021-10-19,2021-10-19 09:00:36,1020.0,2,1
2021-10-19,2021-10-19 10:33:57,820.0,2,1
2021-10-19,2021-10-19 10:47:31,5040.0,2,1
2021-10-19,2021-10-19 11:03:27,3800.0,2,1
2021-10-20,2021-10-20 01:17:18,10140.0,2,1
2021-10-20,2021-10-20 01:17:54,10660.0,2,1
2021-10-20,2021-10-20 01:38:55,9040.0,2,1
2021-10-20,2021-10-20 04:43:34,6220.0,2,1
2021-10-20,2021-10-20 04:47:13,9780.0,2,1
2021-10-20,2021-10-20 04:48:24,9180.0,2,1
2021-10-20,2021-10-20 06:23:00,660.0,2,1
2021-10-20,2021-10-20 07:12:26,1540.0,2,1
2021-10-20,2021-10-20 09:07:18,3300.0,2,1
2021-10-20,2021-10-20 10:39:28,820.0,2,1
2021-10-20,2021-10-20 10:46:10,4980.0,2,1
2021-10-20,2021-10-20 10:49:30,3520.0,2,1
2021-10-20,2021-10-20 11:11:36,180.0,2,1
2021-10-21,2021-10-21 01:03:03,9720.0,2,1
2021-10-21,2021-10-21 01:14:38,9200.0,2,1
2021-10-21,2021-10-21 01:44:03,10080.0,2,1
2021-10-21,2021-10-21 04:39:00,8500.0,2,1
2021-10-21,2021-10-21 04:39:31,7880.0,2,1
2021-10-21,2021-10-21 04:40:08,8060.0,2,1
2021-10-21,2021-10-21 06:20:36,1500.0,2,1
2021-10-21,2021-10-21 07:08:34,1660.0,2,1
2021-10-21,2021-10-21 08:36:06,2960.0,2,1
2021-10-21,2021-10-21 10:11:15,1160.0,2,1
2021-10-21,2021-10-21 10:18:17,1560.0,2,1
2021-10-21,2021-10-21 10:45:09,5320.0,2,1
2021-10-21,2021-10-21 11:17:27,2680.0,2,1
2021-10-22,2021-10-22 01:17:22,8800.0,2,1
2021-10-22,2021-10-22 01:31:18,10220.0,2,1
2021-10-22,2021-10-22 01:36:05,10520.0,2,1
2021-10-22,2021-10-22 04:56:55,9000.0,2,1
2021-10-22,2021-10-22 04:57:39,9860.0,2,1
2021-10-22,2021-10-22 04:58:11,7260.0,2,1
2021-10-22,2021-10-22 06:28:35,1620.0,2,1
2021-10-22,2021-10-22 07:24:47,900.0,2,1
2021-10-22,2021-10-22 08:38:25,1460.0,2,1
2021-10-22,2021-10-22 09:27:59,200.0,2,1
2021-10-22,2021-10-22 10:31:49,1360.0,2,1
2021-10-22,2021-10-22 10:39:30,4960.0,2,1
2021-10-22,2021-10-22 11:02:32,2580.0,2,1
2021-10-23,2021-10-23 01:08:09,10420.0,2,1
2021-10-23,2021-10-23 01:16:13,11400.0,2,1
2021-10-23,2021-10-23 01:38:21,9940.0,2,1
2021-10-23,2021-10-23 04:33:04,10480.0,2,1
2021-10-23,2021-10-23 04:41:31,9600.0,2,1
2021-10-23,2021-10-23 04:46:26,7040.0,2,1
2021-10-23,2021-10-23 06:15:57,1020.0,2,1
2021-10-23,2021-10-23 07:04:52,2780.0,2,1
2021-10-23,2021-10-23 08:43:20,1820.0,2,1
2021-10-23,2021-10-23 10:11:23,1320.0,2,1
2021-10-23,2021-10-23 11:04:10,5800.0,2,1
2021-10-23,2021-10-23 11:15:50,3200.0,2,1
2021-10-23,2021-10-23 12:06:51,2120.0,2,1
2021-10-24,2021-10-24 00:56:44,10840.0,2,1
2021-10-24,2021-10-24 01:07:29,9660.0,2,1
2021-10-24,2021-10-24 01:19:34,9340.0,2,1
2021-10-24,2021-10-24 04:26:26,10460.0,2,1
2021-10-24,2021-10-24 04:36:01,8300.0,2,1
2021-10-24,2021-10-24 04:36:37,7260.0,2,1
2021-10-25,2021-10-25 01:07:51,7960.0,2,1
2021-10-25,2021-10-25 01:23:44,8460.0,2,1
2021-10-25,2021-10-25 01:26:32,8680.0,2,1
2021-10-25,2021-10-25 04:25:31,6080.0,2,1
2021-10-25,2021-10-25 04:31:15,9660.0,2,1
2021-10-25,2021-10-25 04:42:15,6720.0,2,1
2021-10-25,2021-10-25 06:30:37,1720.0,2,1
2021-10-25,2021-10-25 07:17:41,1140.0,2,1
2021-10-25,2021-10-25 09:23:03,140.0,2,1
2021-10-25,2021-10-25 10:50:26,3920.0,2,1
2021-10-25,2021-10-25 11:09:51,900.0,2,1
2021-10-25,2021-10-25 11:10:21,3620.0,2,1
2021-10-26,2021-10-26 01:27:05,10480.0,2,1
2021-10-26,2021-10-26 01:28:50,11000.0,2,1
2021-10-26,2021-10-26 01:31:24,9860.0,2,1
2021-10-26,2021-10-26 04:48:46,7840.0,2,1
2021-10-26,2021-10-26 04:53:35,10780.0,2,1
2021-10-26,2021-10-26 04:54:41,6780.0,2,1
2021-10-26,2021-10-26 06:28:14,1660.0,2,1
2021-10-26,2021-10-26 07:04:43,2940.0,2,1
2021-10-26,2021-10-26 08:48:55,1120.0,2,1
2021-10-26,2021-10-26 10:37:22,480.0,2,1
2021-10-26,2021-10-26 10:49:17,5360.0,2,1
2021-10-26,2021-10-26 10:55:17,3100.0,2,1
2021-10-26,2021-10-26 11:05:12,2660.0,2,1
2021-10-27,2021-10-27 01:16:24,10560.0,2,1
2021-10-27,2021-10-27 01:17:51,8640.0,2,1
2021-10-27,2021-10-27 01:46:55,8720.0,2,1
2021-10-27,2021-10-27 04:35:45,11020.0,2,1
2021-10-27,2021-10-27 04:48:43,6100.0,2,1
2021-10-27,2021-10-27 04:52:31,8800.0,2,1
2021-10-27,2021-10-27 06:31:16,780.0,2,1
2021-10-27,2021-10-27 07:14:16,1480.0,2,1
2021-10-27,2021-10-27 09:09:59,120.0,2,1
2021-10-27,2021-10-27 10:47:09,720.0,2,1
2021-10-27,2021-10-27 11:04:00,3440.0,2,1
2021-10-27,2021-10-27 11:21:38,6000.0,2,1
2021-10-28,2021-10-28 01:10:29,10300.0,2,1
2021-10-28,2021-10-28 01:16:22,10880.0,2,1
2021-10-28,2021-10-28 01:24:53,9680.0,2,1
2021-10-28,2021-10-28 04:27:09,10260.0,2,1
2021-10-28,2021-10-28 04:29:03,6060.0,2,1
2021-10-28,2021-10-28 04:38:02,7840.0,2,1
2021-10-28,2021-10-28 06:33:44,740.0,2,1
2021-10-28,2021-10-28 07:12:07,2920.0,2,1
2021-10-28,2021-10-28 08:38:06,2040.0,2,1
2021-10-28,2021-10-28 10:24:13,2560.0,2,1
2021-10-28,2021-10-28 10:32:20,640.0,2,1
2021-10-28,2021-10-28 10:56:14,5960.0,2,1
2021-10-28,2021-10-28 11:13:16,2480.0,2,1
2021-10-29,2021-10-29 01:13:10,10600.0,2,1
2021-10-29,2021-10-29 01:14:57,9660.0,2,1
2021-10-29,2021-10-29 01:41:14,8340.0,2,1
2021-10-29,2021-10-29 04:28:30,7480.0,2,1
2021-10-29,2021-10-29 04:29:51,10560.0,2,1
2021-10-29,2021-10-29 04:34:55,7140.0,2,1
2021-10-29,2021-10-29 06:30:17,1060.0,2,1
2021-10-29,2021-10-29 07:13:42,1220.0,2,1
2021-10-29,2021-10-29 08:54:42,120.0,2,1
2021-10-29,2021-10-29 10:20:37,1360.0,2,1
2021-10-29,2021-10-29 11:03:55,6580.0,2,1
2021-10-29,2021-10-29 11:09:33,3460.0,2,1
2021-10-30,2021-10-30 01:09:39,10900.0,2,1
2021-10-30,2021-10-30 01:11:28,11140.0,2,1
2021-10-30,2021-10-30 01:35:32,10840.0,2,1
2021-10-30,2021-10-30 04:26:37,8760.0,2,1
2021-10-30,2021-10-30 04:28:18,10160.0,2,1
2021-10-30,2021-10-30 04:44:46,8220.0,2,1
2021-10-30,2021-10-30 06:25:54,2580.0,2,1
2021-10-30,2021-10-30 07:22:07,2980.0,2,1
2021-10-30,2021-10-30 09:06:50,1340.0,2,1
2021-10-30,2021-10-30 09:09:44,2020.0,2,1
2021-10-30,2021-10-30 10:52:20,2640.0,2,1
2021-10-30,2021-10-30 11:05:02,6680.0,2,1
2021-10-30,2021-10-30 11:32:44,680.0,2,1
2021-10-31,2021-10-31 01:11:56,12360.0,2,1
2021-10-31,2021-10-31 01:22:32,10560.0,2,1
2021-10-31,2021-10-31 01:25:37,10900.0,2,1
2021-10-31,2021-10-31 03:36:03,11320.0,2,1
2021-10-31,2021-10-31 03:44:00,8540.0,2,1
2021-10-31,2021-10-31 03:47:29,7740.0,2,1
2021-11-01,2021-11-01 01:19:53,8660.0,2,1
2021-11-01,2021-11-01 01:22:42,9100.0,2,1
2021-11-01,2021-11-01 01:32:16,9360.0,2,1
2021-11-01,2021-11-01 04:37:16,7700.0,2,1
2021-11-01,2021-11-01 04:39:47,6840.0,2,1
2021-11-01,2021-11-01 04:43:15,8840.0,2,1
2021-11-01,2021-11-01 06:27:24,2480.0,2,1
2021-11-01,2021-11-01 07:20:51,1800.0,2,1
2021-11-01,2021-11-01 08:10:13,960.0,2,1
2021-11-01,2021-11-01 09:15:31,2100.0,2,1
2021-11-01,2021-11-01 10:25:58,980.0,2,1
2021-11-01,2021-11-01 10:50:59,3040.0,2,1
2021-11-01,2021-11-01 10:54:14,2320.0,2,1
2021-11-02,2021-11-02 01:02:31,10020.0,2,1
2021-11-02,2021-11-02 01:21:18,9100.0,2,1
2021-11-02,2021-11-02 01:28:26,9560.0,2,1
2021-11-02,2021-11-02 04:31:26,8600.0,2,1
2021-11-02,2021-11-02 04:38:26,6700.0,2,1
2021-11-02,2021-11-02 04:38:55,6640.0,2,1
2021-11-02,2021-11-02 06:31:41,1660.0,2,1
2021-11-02,2021-11-02 06:46:28,2680.0,2,1
2021-11-02,2021-11-02 09:29:22,1300.0,2,1
2021-11-02,2021-11-02 10:21:47,700.0,2,1
2021-11-02,2021-11-02 10:34:20,1020.0,2,1
2021-11-02,2021-11-02 10:45:17,6740.0,2,1
2021-11-02,2021-11-02 11:10:26,2740.0,2,1
2021-11-02,2021-11-02 12:04:52,340.0,2,1
2021-11-03,2021-11-03 01:23:59,11360.0,2,1
2021-11-03,2021-11-03 01:28:13,10160.0,2,1
2021-11-03,2021-11-03 01:49:31,10220.0,2,1
2021-11-03,2021-11-03 04:40:06,11380.0,2,1
2021-11-03,2021-11-03 04:49:56,6800.0,2,1
2021-11-03,2021-11-03 04:50:18,7400.0,2,1
2021-11-03,2021-11-03 06:30:00,380.0,2,1
2021-11-03,2021-11-03 07:18:33,1180.0,2,1
2021-11-03,2021-11-03 08:42:42,1120.0,2,1
2021-11-03,2021-11-03 09:19:01,380.0,2,1
2021-11-03,2021-11-03 09:48:45,1500.0,2,1
2021-11-03,2021-11-03 10:27:34,960.0,2,1
2021-11-03,2021-11-03 10:52:32,5120.0,2,1
2021-11-03,2021-11-03 11:19:12,3520.0,2,1
2021-11-03,2021-11-03 11:37:08,300.0,2,1
2021-11-03,2021-11-03 12:04:03,1040.0,2,1
2021-11-04,2021-11-04 01:10:39,10940.0,2,1
2021-11-04,2021-11-04 01:15:46,11340.0,2,1
2021-11-04,2021-11-04 01:26:30,9680.0,2,1
2021-11-04,2021-11-04 04:30:58,8640.0,2,1
2021-11-04,2021-11-04 04:33:18,10340.0,2,1
2021-11-04,2021-11-04 04:37:03,6340.0,2,1
2021-11-05,2021-11-05 01:20:07,10420.0,2,1
2021-11-05,2021-11-05 01:25:44,9220.0,2,1
2021-11-05,2021-11-05 01:52:32,9020.0,2,1
2021-11-05,2021-11-05 04:33:04,10000.0,2,1
2021-11-05,2021-11-05 04:45:56,7180.0,2,1
2021-11-05,2021-11-05 04:46:54,6480.0,2,1
2021-11-05,2021-11-05 06:31:53,1100.0,2,1
2021-11-05,2021-11-05 07:53:39,1380.0,2,1
2021-11-05,2021-11-05 08:35:41,5640.0,2,1
2021-11-05,2021-11-05 08:44:41,720.0,2,1
2021-11-05,2021-11-05 09:33:43,1240.0,2,1
2021-11-05,2021-11-05 10:21:35,1160.0,2,1
2021-11-05,2021-11-05 11:01:51,4780.0,2,1
2021-11-05,2021-11-05 11:34:22,4960.0,2,1
2021-11-05,2021-11-05 16:24:27,940.0,2,1
2021-11-06,2021-11-06 01:13:20,11500.0,2,1
2021-11-06,2021-11-06 01:18:34,10240.0,2,1
2021-11-06,2021-11-06 01:38:01,10940.0,2,1
2021-11-06,2021-11-06 04:30:36,8360.0,2,1
2021-11-06,2021-11-06 04:37:43,10080.0,2,1
2021-11-06,2021-11-06 04:38:18,7240.0,2,1
2021-11-06,2021-11-06 06:21:58,1300.0,2,1
2021-11-06,2021-11-06 07:19:55,2240.0,2,1
2021-11-06,2021-11-06 08:21:16,4500.0,2,1
2021-11-06,2021-11-06 09:28:24,4420.0,2,1
2021-11-06,2021-11-06 10:54:50,2860.0,2,1
2021-11-06,2021-11-06 11:14:36,6020.0,2,1
2021-11-06,2021-11-06 11:51:11,1300.0,2,1
2021-11-06,2021-11-06 12:28:07,800.0,2,1
2021-11-07,2021-11-07 01:07:28,8220.0,2,1
2021-11-07,2021-11-07 01:25:38,10140.0,2,1
2021-11-07,2021-11-07 01:33:51,9640.0,2,1
2021-11-07,2021-11-07 01:38:28,11880.0,2,1
2021-11-07,2021-11-07 04:48:11,8560.0,2,1
2021-11-07,2021-11-07 04:49:53,8700.0,2,1
2021-11-08,2021-11-08 01:13:22,9580.0,2,1
2021-11-08,2021-11-08 01:13:52,8700.0,2,1
2021-11-08,2021-11-08 01:55:42,9660.0,2,1
2021-11-08,2021-11-08 04:29:34,6760.0,2,1
2021-11-08,2021-11-08 04:30:12,6560.0,2,1
2021-11-08,2021-11-08 04:30:44,8220.0,2,1
2021-11-08,2021-11-08 06:35:15,2060.0,2,1
2021-11-08,2021-11-08 08:17:14,1740.0,2,1
2021-11-08,2021-11-08 08:55:49,700.0,2,1
2021-11-08,2021-11-08 09:16:18,440.0,2,1
2021-11-08,2021-11-08 09:54:37,540.0,2,1
2021-11-08,2021-11-08 11:01:51,4440.0,2,1
2021-11-08,2021-11-08 11:08:34,4160.0,2,1
2021-11-08,2021-11-08 11:12:04,400.0,2,1
2021-11-08,2021-11-08 11:14:06,1840.0,2,1
2021-11-08,2021-11-08 11:27:32,180.0,2,1
2021-11-09,2021-11-09 01:05:18,11220.0,2,1
2021-11-09,2021-11-09 01:24:26,9860.0,2,1
2021-11-09,2021-11-09 01:36:41,11400.0,2,1
2021-11-09,2021-11-09 04:27:44,9100.0,2,1
2021-11-09,2021-11-09 04:32:44,10640.0,2,1
2021-11-09,2021-11-09 04:33:10,6620.0,2,1
2021-11-09,2021-11-09 06:27:40,1160.0,2,1
2021-11-09,2021-11-09 07:19:08,3020.0,2,1
2021-11-09,2021-11-09 09:02:21,2220.0,2,1
2021-11-09,2021-11-09 09:05:01,480.0,2,1
2021-11-09,2021-11-09 10:39:55,1060.0,2,1
2021-11-09,2021-11-09 10:58:58,2240.0,2,1
2021-11-09,2021-11-09 11:02:28,2120.0,2,1
2021-11-09,2021-11-09 11:06:53,5320.0,2,1
2021-11-09,2021-11-09 11:39:10,540.0,2,1
2021-11-09,2021-11-09 16:21:57,560.0,2,1
2021-11-10,2021-11-10 01:06:04,10120.0,2,1
2021-11-10,2021-11-10 01:33:30,11480.0,2,1
2021-11-10,2021-11-10 01:56:33,8960.0,2,1
2021-11-10,2021-11-10 04:29:42,9400.0,2,1
2021-11-10,2021-11-10 04:33:17,4900.0,2,1
2021-11-10,2021-11-10 04:33:41,10020.0,2,1
2021-11-10,2021-11-10 05:33:19,780.0,2,1
2021-11-10,2021-11-10 06:15:46,780.0,2,1
2021-11-10,2021-11-10 07:06:35,940.0,2,1
2021-11-10,2021-11-10 10:47:04,760.0,2,1
2021-11-10,2021-11-10 10:49:29,880.0,2,1
2021-11-10,2021-11-10 10:50:18,5300.0,2,1
2021-11-10,2021-11-10 16:24:19,460.0,2,1
2021-11-11,2021-11-11 01:05:58,9680.0,2,1
2021-11-11,2021-11-11 01:12:00,9100.0,2,1
2021-11-11,2021-11-11 01:27:15,10640.0,2,1
2021-11-11,2021-11-11 04:28:48,6400.0,2,1
2021-11-11,2021-11-11 04:33:34,7860.0,2,1
2021-11-11,2021-11-11 04:34:28,9260.0,2,1
2021-11-11,2021-11-11 06:33:45,1580.0,2,1
2021-11-11,2021-11-11 08:07:34,2880.0,2,1
2021-11-11,2021-11-11 08:40:19,980.0,2,1
2021-11-11,2021-11-11 09:11:00,2620.0,2,1
2021-11-11,2021-11-11 10:32:53,720.0,2,1
2021-11-11,2021-11-11 10:55:24,5160.0,2,1
2021-11-11,2021-11-11 10:56:48,520.0,2,1
2021-11-11,2021-11-11 10:57:17,5160.0,2,1
2021-11-11,2021-11-11 11:55:58,760.0,2,1
2021-11-12,2021-11-12 01:11:09,10760.0,2,1
2021-11-12,2021-11-12 01:15:10,8940.0,2,1
2021-11-12,2021-11-12 01:19:50,9420.0,2,1
2021-11-12,2021-11-12 04:49:34,10180.0,2,1
2021-11-12,2021-11-12 04:50:00,8180.0,2,1
2021-11-12,2021-11-12 06:31:52,940.0,2,1
2021-11-12,2021-11-12 08:16:51,1640.0,2,1
2021-11-12,2021-11-12 09:20:24,2280.0,2,1
2021-11-12,2021-11-12 10:37:55,300.0,2,1
2021-11-12,2021-11-12 10:40:46,5800.0,2,1
2021-11-12,2021-11-12 10:53:05,920.0,2,1
2021-11-12,2021-11-12 11:04:48,1660.0,2,1
2021-11-12,2021-11-12 16:15:26,840.0,2,1
2021-11-13,2021-11-13 01:07:51,11480.0,2,1
2021-11-13,2021-11-13 01:11:14,11140.0,2,1
2021-11-13,2021-11-13 01:23:37,9380.0,2,1
2021-11-13,2021-11-13 04:26:22,6920.0,2,1
2021-11-13,2021-11-13 04:28:23,9740.0,2,1
2021-11-13,2021-11-13 04:32:22,7320.0,2,1
2021-11-13,2021-11-13 06:33:34,600.0,2,1
2021-11-13,2021-11-13 07:12:20,2980.0,2,1
2021-11-13,2021-11-13 08:06:01,8980.0,2,1
2021-11-13,2021-11-13 08:49:30,1760.0,2,1
2021-11-13,2021-11-13 09:44:54,2200.0,2,1
2021-11-13,2021-11-13 11:19:25,3980.0,2,1
2021-11-13,2021-11-13 11:27:16,0.0,2,1
2021-11-13,2021-11-13 11:41:57,2940.0,2,1
2021-11-13,2021-11-13 11:54:12,1620.0,2,1
2021-11-13,2021-11-13 12:15:54,720.0,2,1
2021-11-14,2021-11-14 01:21:11,10400.0,2,1
2021-11-14,2021-11-14 01:24:42,9920.0,2,1
2021-11-14,2021-11-14 01:26:46,9860.0,2,1
2021-11-14,2021-11-14 04:34:56,8560.0,2,1
2021-11-14,2021-11-14 04:39:43,7220.0,2,1
2021-11-14,2021-11-14 04:41:30,10760.0,2,1
2021-11-15,2021-11-15 01:08:38,8000.0,2,1
2021-11-15,2021-11-15 01:22:19,8540.0,2,1
2021-11-15,2021-11-15 01:46:32,8880.0,2,1
2021-11-15,2021-11-15 04:49:51,6800.0,2,1
2021-11-15,2021-11-15 04:51:04,7280.0,2,1
2021-11-15,2021-11-15 04:51:54,7760.0,2,1
2021-11-15,2021-11-15 06:34:54,1620.0,2,1
2021-11-15,2021-11-15 07:22:46,1040.0,2,1
2021-11-15,2021-11-15 09:02:51,1440.0,2,1
2021-11-15,2021-11-15 09:05:40,1120.0,2,1
2021-11-15,2021-11-15 10:31:37,140.0,2,1
2021-11-15,2021-11-15 10:53:54,1000.0,2,1
2021-11-15,2021-11-15 11:00:06,3900.0,2,1
2021-11-15,2021-11-15 11:22:01,3420.0,2,1
2021-11-15,2021-11-15 11:46:15,760.0,2,1
2021-11-16,2021-11-16 01:10:21,10860.0,2,1
2021-11-16,2021-11-16 01:14:53,9900.0,2,1
2021-11-16,2021-11-16 01:20:19,10600.0,2,1
2021-11-16,2021-11-16 01:28:23,8080.0,2,1
2021-11-16,2021-11-16 04:39:44,8680.0,2,1
2021-11-16,2021-11-16 04:43:00,7180.0,2,1
2021-11-16,2021-11-16 06:25:59,1680.0,2,1
2021-11-16,2021-11-16 07:16:16,3060.0,2,1
2021-11-16,2021-11-16 08:44:13,820.0,2,1
2021-11-16,2021-11-16 09:15:45,1840.0,2,1
2021-11-16,2021-11-16 10:38:27,520.0,2,1
2021-11-16,2021-11-16 10:46:23,5460.0,2,1
2021-11-16,2021-11-16 10:47:01,520.0,2,1
2021-11-16,2021-11-16 11:05:43,2900.0,2,1
2021-11-16,2021-11-16 11:55:48,560.0,2,1
2021-11-16,2021-11-16 16:22:48,620.0,2,1
2021-11-17,2021-11-17 01:01:09,9280.0,2,1
2021-11-17,2021-11-17 01:10:25,9580.0,2,1
2021-11-17,2021-11-17 01:11:30,8660.0,2,1
2021-11-17,2021-11-17 04:43:37,8000.0,2,1
2021-11-17,2021-11-17 04:44:58,6620.0,2,1
2021-11-17,2021-11-17 04:48:54,10080.0,2,1
2021-11-17,2021-11-17 06:28:01,760.0,2,1
2021-11-17,2021-11-17 07:10:28,1680.0,2,1
2021-11-17,2021-11-17 08:50:30,660.0,2,1
2021-11-17,2021-11-17 08:51:32,1460.0,2,1
2021-11-17,2021-11-17 09:45:42,120.0,2,1
2021-11-17,2021-11-17 09:57:01,480.0,2,1
2021-11-17,2021-11-17 10:50:20,560.0,2,1
2021-11-17,2021-11-17 10:52:18,5580.0,2,1
2021-11-17,2021-11-17 10:58:30,2640.0,2,1
2021-11-17,2021-11-17 16:22:50,420.0,2,1
2021-11-18,2021-11-18 01:07:40,10300.0,2,1
2021-11-18,2021-11-18 01:10:44,9140.0,2,1
2021-11-18,2021-11-18 01:19:01,10600.0,2,1
2021-11-18,2021-11-18 04:40:50,6720.0,2,1
2021-11-18,2021-11-18 04:41:21,8480.0,2,1
2021-11-18,2021-11-18 04:42:26,7640.0,2,1
2021-11-18,2021-11-18 06:23:05,1280.0,2,1
2021-11-18,2021-11-18 07:09:56,1660.0,2,1
2021-11-18,2021-11-18 08:03:51,2860.0,2,1
2021-11-18,2021-11-18 08:45:06,780.0,2,1
2021-11-18,2021-11-18 09:01:51,1400.0,2,1
2021-11-18,2021-11-18 10:41:27,5540.0,2,1
2021-11-18,2021-11-18 10:44:07,320.0,2,1
2021-11-18,2021-11-18 10:53:53,1120.0,2,1
2021-11-18,2021-11-18 11:03:06,860.0,2,1
2021-11-18,2021-11-18 11:20:28,2320.0,2,1
2021-11-18,2021-11-18 11:47:44,2660.0,2,1
2021-11-18,2021-11-18 16:21:55,860.0,2,1
2021-11-19,2021-11-19 00:51:55,10060.0,2,1
2021-11-19,2021-11-19 01:01:18,10840.0,2,1
2021-11-19,2021-11-19 01:35:14,9780.0,2,1
2021-11-19,2021-11-19 04:49:03,6600.0,2,1
2021-11-19,2021-11-19 04:51:18,8520.0,2,1
2021-11-19,2021-11-19 04:53:16,10760.0,2,1
2021-11-19,2021-11-19 06:32:07,1340.0,2,1
2021-11-19,2021-11-19 07:57:06,980.0,2,1
2021-11-19,2021-11-19 08:27:03,680.0,2,1
2021-11-19,2021-11-19 08:44:30,1760.0,2,1
2021-11-19,2021-11-19 09:34:52,80.0,2,1
2021-11-19,2021-11-19 10:43:27,5140.0,2,1
2021-11-19,2021-11-19 10:53:47,540.0,2,1
2021-11-19,2021-11-19 10:55:54,2560.0,2,1
2021-11-20,2021-11-20 01:08:44,11300.0,2,1
2021-11-20,2021-11-20 01:16:16,10880.0,2,1
2021-11-20,2021-11-20 01:31:05,10140.0,2,1
2021-11-20,2021-11-20 04:31:44,11240.0,2,1
2021-11-20,2021-11-20 04:37:00,7080.0,2,1
2021-11-20,2021-11-20 04:44:06,9180.0,2,1
2021-11-20,2021-11-20 06:24:35,780.0,2,1
2021-11-20,2021-11-20 07:18:53,1640.0,2,1
2021-11-20,2021-11-20 09:09:24,3000.0,2,1
2021-11-20,2021-11-20 09:50:29,1120.0,2,1
2021-11-20,2021-11-20 10:09:22,860.0,2,1
2021-11-20,2021-11-20 11:13:49,2920.0,2,1
2021-11-20,2021-11-20 11:24:22,5900.0,2,1
2021-11-20,2021-11-20 11:37:35,4860.0,2,1
2021-11-20,2021-11-20 12:09:05,420.0,2,1
2021-11-20,2021-11-20 12:37:38,160.0,2,1
2021-11-21,2021-11-21 00:48:54,10840.0,2,1
2021-11-21,2021-11-21 01:04:52,9020.0,2,1
2021-11-21,2021-11-21 01:30:29,9620.0,2,1
2021-11-21,2021-11-21 04:30:48,10860.0,2,1
2021-11-21,2021-11-21 04:40:38,7100.0,2,1
2021-11-21,2021-11-21 04:42:14,8400.0,2,1
2021-11-22,2021-11-22 01:13:34,8460.0,2,1
2021-11-22,2021-11-22 01:28:32,9000.0,2,1
2021-11-22,2021-11-22 01:43:12,9440.0,2,1
2021-11-22,2021-11-22 04:30:16,5760.0,2,1
2021-11-22,2021-11-22 04:36:16,8240.0,2,1
2021-11-22,2021-11-22 06:13:39,1340.0,2,1
2021-11-22,2021-11-22 06:37:55,1760.0,2,1
2021-11-22,2021-11-22 08:23:22,1580.0,2,1
2021-11-22,2021-11-22 08:51:45,900.0,2,1
2021-11-22,2021-11-22 09:16:54,1080.0,2,1
2021-11-22,2021-11-22 09:27:35,100.0,2,1
2021-11-22,2021-11-22 10:52:21,3020.0,2,1
2021-11-22,2021-11-22 10:58:26,4000.0,2,1
2021-11-22,2021-11-22 11:04:24,560.0,2,1
2021-11-22,2021-11-22 11:29:42,340.0,2,1
2021-11-22,2021-11-22 16:03:13,460.0,2,1
2021-11-22,2021-11-22 21:10:59,7540.0,2,1
2021-11-23,2021-11-23 01:09:41,11040.0,2,1
2021-11-23,2021-11-23 01:16:06,10440.0,2,1
2021-11-23,2021-11-23 01:20:52,9600.0,2,1
2021-11-23,2021-11-23 04:38:14,6620.0,2,1
2021-11-23,2021-11-23 04:45:14,8900.0,2,1
2021-11-23,2021-11-23 04:53:55,10840.0,2,1
2021-11-23,2021-11-23 06:29:53,940.0,2,1
2021-11-23,2021-11-23 07:23:55,3020.0,2,1
2021-11-23,2021-11-23 08:12:35,2360.0,2,1
2021-11-23,2021-11-23 08:18:08,680.0,2,1
2021-11-23,2021-11-23 09:08:04,1720.0,2,1
2021-11-23,2021-11-23 09:21:35,3660.0,2,1
2021-11-23,2021-11-23 09:33:51,1940.0,2,1
2021-11-23,2021-11-23 09:56:13,740.0,2,1
2021-11-23,2021-11-23 10:52:59,3340.0,2,1
2021-11-23,2021-11-23 11:09:23,1660.0,2,1
2021-11-23,2021-11-23 11:31:21,4000.0,2,1
2021-11-23,2021-11-23 11:41:32,2700.0,2,1
2021-11-23,2021-11-23 11:44:39,1180.0,2,1
2021-11-23,2021-11-23 11:51:34,640.0,2,1
2021-11-23,2021-11-23 16:27:36,1360.0,2,1
2021-11-24,2021-11-24 01:00:49,9120.0,2,1
2021-11-24,2021-11-24 01:11:06,10900.0,2,1
2021-11-24,2021-11-24 01:30:58,9940.0,2,1
2021-11-24,2021-11-24 04:38:01,6640.0,2,1
2021-11-24,2021-11-24 04:45:02,8340.0,2,1
2021-11-24,2021-11-24 04:46:20,9620.0,2,1
2021-11-24,2021-11-24 06:29:52,1160.0,2,1
2021-11-24,2021-11-24 07:38:42,2700.0,2,1
2021-11-24,2021-11-24 08:41:47,740.0,2,1
2021-11-24,2021-11-24 09:18:30,880.0,2,1
2021-11-24,2021-11-24 09:47:48,2340.0,2,1
2021-11-24,2021-11-24 10:34:33,4600.0,2,1
2021-11-24,2021-11-24 11:09:36,3760.0,2,1
2021-11-25,2021-11-25 01:08:48,10820.0,2,1
2021-11-25,2021-11-25 01:14:07,10740.0,2,1
2021-11-25,2021-11-25 01:26:44,10560.0,2,1
2021-11-25,2021-11-25 04:30:36,9580.0,2,1
2021-11-25,2021-11-25 04:32:45,7180.0,2,1
2021-11-25,2021-11-25 04:41:47,7380.0,2,1
2021-11-25,2021-11-25 06:41:29,4120.0,2,1
2021-11-25,2021-11-25 07:28:29,2900.0,2,1
2021-11-25,2021-11-25 09:07:46,2740.0,2,1
2021-11-25,2021-11-25 09:47:26,740.0,2,1
2021-11-25,2021-11-25 10:43:47,2460.0,2,1
2021-11-25,2021-11-25 10:53:15,4320.0,2,1
2021-11-25,2021-11-25 11:04:53,2060.0,2,1
2021-11-25,2021-11-25 11:53:47,640.0,2,1
2021-11-25,2021-11-25 16:09:05,1580.0,2,1
2021-11-26,2021-11-26 01:16:31,10360.0,2,1
2021-11-26,2021-11-26 01:19:55,12460.0,2,1
2021-11-26,2021-11-26 01:47:50,10100.0,2,1
2021-11-26,2021-11-26 04:40:46,8020.0,2,1
2021-11-26,2021-11-26 04:41:43,10720.0,2,1
2021-11-26,2021-11-26 04:42:43,9520.0,2,1
2021-11-26,2021-11-26 06:30:24,1120.0,2,1
2021-11-26,2021-11-26 07:19:08,1980.0,2,1
2021-11-26,2021-11-26 08:25:06,1240.0,2,1
2021-11-26,2021-11-26 08:54:20,1600.0,2,1
2021-11-26,2021-11-26 09:39:42,420.0,2,1
2021-11-26,2021-11-26 10:45:06,1280.0,2,1
2021-11-26,2021-11-26 10:54:27,5300.0,2,1
2021-11-26,2021-11-26 10:56:55,3020.0,2,1
2021-11-26,2021-11-26 16:12:20,260.0,2,1
2021-11-27,2021-11-27 01:12:38,11560.0,2,1
2021-11-27,2021-11-27 01:35:40,10360.0,2,1
2021-11-27,2021-11-27 01:40:55,11240.0,2,1
2021-11-27,2021-11-27 04:49:15,10480.0,2,1
2021-11-27,2021-11-27 04:50:08,7580.0,2,1
2021-11-27,2021-11-27 04:57:33,9340.0,2,1
2021-11-27,2021-11-27 06:28:01,1760.0,2,1
2021-11-27,2021-11-27 07:04:10,2780.0,2,1
2021-11-27,2021-11-27 08:37:48,2380.0,2,1
2021-11-27,2021-11-27 09:18:54,560.0,2,1
2021-11-27,2021-11-27 09:36:00,1640.0,2,1
2021-11-27,2021-11-27 11:03:22,2360.0,2,1
2021-11-27,2021-11-27 11:04:20,3160.0,2,1
2021-11-27,2021-11-27 11:21:41,6160.0,2,1
2021-11-27,2021-11-27 12:07:43,240.0,2,1
2021-11-28,2021-11-28 01:13:00,11480.0,2,1
2021-11-28,2021-11-28 01:16:27,8380.0,2,1
2021-11-28,2021-11-28 01:23:43,9660.0,2,1
2021-11-28,2021-11-28 04:30:20,10040.0,2,1
2021-11-28,2021-11-28 04:31:47,8300.0,2,1
2021-11-28,2021-11-28 04:36:51,7180.0,2,1
2021-11-29,2021-11-29 01:21:58,9880.0,2,1
2021-11-29,2021-11-29 01:22:55,8640.0,2,1
2021-11-29,2021-11-29 01:45:37,9360.0,2,1
2021-11-29,2021-11-29 04:36:45,6540.0,2,1
2021-11-29,2021-11-29 04:42:00,7320.0,2,1
2021-11-29,2021-11-29 04:44:56,6880.0,2,1
2021-11-29,2021-11-29 06:24:23,1780.0,2,1
2021-11-29,2021-11-29 07:05:11,1040.0,2,1
2021-11-29,2021-11-29 07:41:55,420.0,2,1
2021-11-29,2021-11-29 08:15:36,600.0,2,1
2021-11-29,2021-11-29 08:50:33,1540.0,2,1
2021-11-29,2021-11-29 09:34:02,360.0,2,1
2021-11-29,2021-11-29 10:14:01,540.0,2,1
2021-11-29,2021-11-29 10:38:58,1560.0,2,1
2021-11-29,2021-11-29 11:00:22,3460.0,2,1
2021-11-29,2021-11-29 11:06:59,220.0,2,1
2021-11-29,2021-11-29 11:22:06,2640.0,2,1
2021-11-29,2021-11-29 11:25:59,140.0,2,1
2021-11-29,2021-11-29 11:52:16,260.0,2,1
2021-11-29,2021-11-29 16:09:03,240.0,2,1
2021-11-30,2021-11-30 01:15:57,11300.0,2,1
2021-11-30,2021-11-30 01:19:08,11280.0,2,1
2021-11-30,2021-11-30 01:27:49,10220.0,2,1
2021-11-30,2021-11-30 04:37:10,6720.0,2,1
2021-11-30,2021-11-30 04:37:37,9160.0,2,1
2021-11-30,2021-11-30 04:38:28,10540.0,2,1
2021-11-30,2021-11-30 06:24:01,1260.0,2,1
2021-11-30,2021-11-30 07:12:21,3100.0,2,1
2021-11-30,2021-11-30 08:51:37,760.0,2,1
2021-11-30,2021-11-30 09:29:22,2040.0,2,1
2021-11-30,2021-11-30 10:25:37,1160.0,2,1
2021-11-30,2021-11-30 10:43:37,5880.0,2,1
2021-11-30,2021-11-30 10:58:47,1820.0,2,1
2021-11-30,2021-11-30 11:06:02,680.0,2,1
2021-11-30,2021-11-30 11:15:30,2000.0,2,1
2021-11-30,2021-11-30 16:33:33,1460.0,2,1
2021-12-01,2021-12-01 01:11:00,9880.0,2,1
2021-12-01,2021-12-01 01:14:20,11100.0,2,1
2021-12-01,2021-12-01 01:37:11,8920.0,2,1
2021-12-01,2021-12-01 04:37:34,7900.0,2,1
2021-12-01,2021-12-01 04:39:29,5920.0,2,1
2021-12-01,2021-12-01 04:41:06,9940.0,2,1
2021-12-01,2021-12-01 06:29:41,900.0,2,1
2021-12-01,2021-12-01 07:10:47,1640.0,2,1
2021-12-01,2021-12-01 08:58:46,180.0,2,1
2021-12-01,2021-12-01 10:43:04,760.0,2,1
2021-12-01,2021-12-01 11:01:27,1400.0,2,1
2021-12-01,2021-12-01 11:01:51,4320.0,2,1
2021-12-01,2021-12-01 11:07:34,5140.0,2,1
2021-12-01,2021-12-01 11:52:37,2900.0,2,1
2021-12-01,2021-12-01 16:22:43,420.0,2,1
2021-12-02,2021-12-02 01:11:45,10520.0,2,1
2021-12-02,2021-12-02 01:18:54,9840.0,2,1
2021-12-02,2021-12-02 01:36:29,10580.0,2,1
2021-12-02,2021-12-02 04:38:04,6040.0,2,1
2021-12-02,2021-12-02 04:39:33,8420.0,2,1
2021-12-02,2021-12-02 04:41:00,8560.0,2,1
2021-12-02,2021-12-02 06:29:02,1600.0,2,1
2021-12-02,2021-12-02 07:07:58,2920.0,2,1
2021-12-02,2021-12-02 09:01:33,2500.0,2,1
2021-12-02,2021-12-02 10:32:25,2180.0,2,1
2021-12-02,2021-12-02 10:46:57,780.0,2,1
2021-12-02,2021-12-02 10:48:56,5160.0,2,1
2021-12-02,2021-12-02 11:12:54,2300.0,2,1
2021-12-02,2021-12-02 11:33:04,2440.0,2,1
2021-12-03,2021-12-03 01:18:23,9220.0,2,1
2021-12-03,2021-12-03 01:19:32,11360.0,2,1
2021-12-03,2021-12-03 01:44:52,10060.0,2,1
2021-12-03,2021-12-03 04:41:06,10020.0,2,1
2021-12-03,2021-12-03 04:41:42,6920.0,2,1
2021-12-03,2021-12-03 04:42:10,7060.0,2,1
2021-12-03,2021-12-03 06:32:03,1140.0,2,1
2021-12-03,2021-12-03 07:13:44,1160.0,2,1
2021-12-03,2021-12-03 08:24:54,200.0,2,1
2021-12-03,2021-12-03 09:37:47,1280.0,2,1
2021-12-03,2021-12-03 10:39:26,920.0,2,1
2021-12-03,2021-12-03 10:45:51,5080.0,2,1
2021-12-03,2021-12-03 11:06:32,2380.0,2,1
2021-12-03,2021-12-03 11:51:02,2800.0,2,1
2021-12-03,2021-12-03 16:24:33,600.0,2,1
2021-12-04,2021-12-04 01:15:14,10740.0,2,1
2021-12-04,2021-12-04 01:24:27,11520.0,2,1
2021-12-04,2021-12-04 01:25:19,11580.0,2,1
2021-12-04,2021-12-04 04:30:56,7780.0,2,1
2021-12-04,2021-12-04 04:33:30,9680.0,2,1
2021-12-04,2021-12-04 04:33:58,9400.0,2,1
2021-12-04,2021-12-04 06:30:44,680.0,2,1
2021-12-04,2021-12-04 07:18:36,3120.0,2,1
2021-12-04,2021-12-04 09:02:03,2100.0,2,1
2021-12-04,2021-12-04 10:13:00,3280.0,2,1
2021-12-04,2021-12-04 11:11:49,6860.0,2,1
2021-12-04,2021-12-04 11:26:04,3700.0,2,1
2021-12-04,2021-12-04 12:10:08,760.0,2,1
2021-12-05,2021-12-05 01:04:38,11680.0,2,1
2021-12-05,2021-12-05 01:10:46,9600.0,2,1
2021-12-05,2021-12-05 01:21:19,9680.0,2,1
2021-12-05,2021-12-05 04:31:20,9340.0,2,1
2021-12-05,2021-12-05 04:34:06,7860.0,2,1
2021-12-05,2021-12-05 04:35:06,8040.0,2,1
2021-12-06,2021-12-06 01:11:32,7740.0,2,1
2021-12-06,2021-12-06 01:17:51,8000.0,2,1
2021-12-06,2021-12-06 01:51:54,9640.0,2,1
2021-12-06,2021-12-06 04:38:22,7000.0,2,1
2021-12-06,2021-12-06 04:40:12,6780.0,2,1
2021-12-06,2021-12-06 04:42:28,7380.0,2,1
2021-12-06,2021-12-06 06:26:53,1620.0,2,1
2021-12-06,2021-12-06 07:36:54,2040.0,2,1
2021-12-06,2021-12-06 08:38:55,1640.0,2,1
2021-12-06,2021-12-06 10:37:21,500.0,2,1
2021-12-06,2021-12-06 11:06:30,2700.0,2,1
2021-12-07,2021-12-07 00:49:52,8540.0,2,1
2021-12-07,2021-12-07 01:02:28,9200.0,2,1
2021-12-07,2021-12-07 01:25:50,8560.0,2,1
2021-12-07,2021-12-07 04:18:28,8020.0,2,1
2021-12-07,2021-12-07 04:31:25,8280.0,2,1
2021-12-07,2021-12-07 04:32:04,6020.0,2,1
2021-12-07,2021-12-07 06:34:00,940.0,2,1
2021-12-07,2021-12-07 07:28:12,2440.0,2,1
2021-12-07,2021-12-07 08:40:42,1100.0,2,1
2021-12-07,2021-12-07 09:53:49,2000.0,2,1
2021-12-07,2021-12-07 10:32:14,5620.0,2,1
2021-12-07,2021-12-07 11:00:58,820.0,2,1
2021-12-07,2021-12-07 11:21:37,2040.0,2,1
2021-12-07,2021-12-07 11:26:51,3140.0,2,1
2021-12-08,2021-12-08 01:00:44,9600.0,2,1
2021-12-08,2021-12-08 01:18:11,11400.0,2,1
2021-12-08,2021-12-08 01:52:27,9680.0,2,1
2021-12-08,2021-12-08 04:44:07,9020.0,2,1
2021-12-08,2021-12-08 04:44:50,6660.0,2,1
2021-12-08,2021-12-08 04:49:49,9980.0,2,1
2021-12-08,2021-12-08 08:18:16,800.0,2,1
2021-12-08,2021-12-08 10:57:07,580.0,2,1
2021-12-09,2021-12-09 00:48:09,9260.0,2,1
2021-12-09,2021-12-09 01:01:41,9240.0,2,1
2021-12-09,2021-12-09 01:10:39,8020.0,2,1
2021-12-09,2021-12-09 04:24:27,6100.0,2,1
2021-12-09,2021-12-09 04:24:55,5340.0,2,1
2021-12-09,2021-12-09 04:28:51,8640.0,2,1
2021-12-09,2021-12-09 06:33:05,2680.0,2,1
2021-12-09,2021-12-09 07:24:23,2160.0,2,1
2021-12-09,2021-12-09 09:17:32,2180.0,2,1
2021-12-09,2021-12-09 10:22:07,740.0,2,1
2021-12-09,2021-12-09 10:53:52,5380.0,2,1
2021-12-09,2021-12-09 11:17:36,3500.0,2,1
2021-12-09,2021-12-09 11:47:02,1940.0,2,1
2021-12-10,2021-12-10 01:02:12,9780.0,2,1
2021-12-10,2021-12-10 01:08:51,11620.0,2,1
2021-12-10,2021-12-10 01:35:08,9140.0,2,1
2021-12-10,2021-12-10 04:34:31,8260.0,2,1
2021-12-10,2021-12-10 04:35:02,9780.0,2,1
2021-12-10,2021-12-10 04:39:15,7220.0,2,1
2021-12-10,2021-12-10 06:32:52,820.0,2,1
2021-12-10,2021-12-10 07:22:04,1680.0,2,1
2021-12-10,2021-12-10 08:44:42,2840.0,2,1
2021-12-10,2021-12-10 09:31:32,340.0,2,1
2021-12-10,2021-12-10 10:27:24,900.0,2,1
2021-12-10,2021-12-10 10:40:55,5340.0,2,1
2021-12-10,2021-12-10 11:20:42,2380.0,2,1
2021-12-10,2021-12-10 11:36:24,2300.0,2,1
2021-12-10,2021-12-10 16:28:27,760.0,2,1
2021-12-11,2021-12-11 01:10:41,10960.0,2,1
2021-12-11,2021-12-11 01:11:15,11280.0,2,1
2021-12-11,2021-12-11 01:22:06,9500.0,2,1
2021-12-11,2021-12-11 04:30:21,9820.0,2,1
2021-12-11,2021-12-11 04:37:23,8620.0,2,1
2021-12-11,2021-12-11 04:41:27,7320.0,2,1
2021-12-11,2021-12-11 06:33:11,1240.0,2,1
2021-12-11,2021-12-11 09:06:03,3020.0,2,1
2021-12-11,2021-12-11 09:07:21,1500.0,2,1
2021-12-11,2021-12-11 10:10:00,2160.0,2,1
2021-12-11,2021-12-11 10:56:08,6000.0,2,1
2021-12-11,2021-12-11 11:17:00,2920.0,2,1
2021-12-11,2021-12-11 11:29:14,940.0,2,1
2021-12-11,2021-12-11 11:47:27,940.0,2,1
2021-12-12,2021-12-12 00:58:12,9440.0,2,1
2021-12-12,2021-12-12 01:09:24,10620.0,2,1
2021-12-12,2021-12-12 01:22:40,9500.0,2,1
2021-12-12,2021-12-12 04:32:58,10480.0,2,1
2021-12-12,2021-12-12 04:36:56,8100.0,2,1
2021-12-12,2021-12-12 04:37:33,8200.0,2,1
2021-12-13,2021-12-13 01:14:34,7940.0,2,1
2021-12-13,2021-12-13 01:20:14,8820.0,2,1
2021-12-13,2021-12-13 01:49:52,9760.0,2,1
2021-12-13,2021-12-13 04:48:22,8100.0,2,1
2021-12-13,2021-12-13 04:48:49,6660.0,2,1
2021-12-13,2021-12-13 04:50:20,7720.0,2,1
2021-12-13,2021-12-13 06:34:56,1720.0,2,1
2021-12-13,2021-12-13 07:16:16,1280.0,2,1
2021-12-13,2021-12-13 08:36:39,460.0,2,1
2021-12-13,2021-12-13 09:03:35,260.0,2,1
2021-12-13,2021-12-13 10:47:56,4600.0,2,1
2021-12-13,2021-12-13 11:07:18,3320.0,2,1
2021-12-13,2021-12-13 11:11:48,480.0,2,1
2021-12-13,2021-12-13 12:16:13,2400.0,2,1
2021-12-14,2021-12-14 01:09:20,9960.0,2,1
2021-12-14,2021-12-14 01:12:39,10780.0,2,1
2021-12-14,2021-12-14 01:13:09,9720.0,2,1
2021-12-14,2021-12-14 04:30:45,6160.0,2,1
2021-12-14,2021-12-14 04:38:02,8060.0,2,1
2021-12-14,2021-12-14 04:38:37,9640.0,2,1
2021-12-14,2021-12-14 06:32:05,1000.0,2,1
2021-12-14,2021-12-14 07:09:27,3300.0,2,1
2021-12-14,2021-12-14 08:22:21,2940.0,2,1
2021-12-14,2021-12-14 09:26:47,3400.0,2,1
2021-12-14,2021-12-14 10:36:41,5020.0,2,1
2021-12-14,2021-12-14 10:37:24,400.0,2,1
2021-12-14,2021-12-14 11:19:52,3440.0,2,1
2021-12-14,2021-12-14 11:45:17,1600.0,2,1
2021-12-14,2021-12-14 16:23:02,620.0,2,1
2021-12-15,2021-12-15 01:02:31,9160.0,2,1
2021-12-15,2021-12-15 01:22:34,9300.0,2,1
2021-12-15,2021-12-15 01:37:14,8840.0,2,1
2021-12-15,2021-12-15 04:38:18,8640.0,2,1
2021-12-15,2021-12-15 04:43:21,6600.0,2,1
2021-12-15,2021-12-15 04:43:54,10080.0,2,1
2021-12-15,2021-12-15 06:30:11,820.0,2,1
2021-12-15,2021-12-15 08:39:27,1800.0,2,1
2021-12-15,2021-12-15 09:40:48,2020.0,2,1
2021-12-15,2021-12-15 10:38:05,4960.0,2,1
2021-12-15,2021-12-15 10:41:46,180.0,2,1
2021-12-15,2021-12-15 11:01:08,100.0,2,1
2021-12-15,2021-12-15 11:06:21,2340.0,2,1
2021-12-15,2021-12-15 11:50:40,1480.0,2,1
2021-12-16,2021-12-16 01:12:36,9480.0,2,1
2021-12-16,2021-12-16 01:13:09,10300.0,2,1
2021-12-16,2021-12-16 01:19:26,11000.0,2,1
2021-12-16,2021-12-16 04:28:52,7960.0,2,1
2021-12-16,2021-12-16 04:30:31,7420.0,2,1
2021-12-16,2021-12-16 04:37:03,7060.0,2,1
2021-12-16,2021-12-16 06:40:26,680.0,2,1
2021-12-16,2021-12-16 07:30:56,3140.0,2,1
2021-12-16,2021-12-16 09:06:02,2780.0,2,1
2021-12-16,2021-12-16 10:40:28,3040.0,2,1
2021-12-16,2021-12-16 10:42:14,5120.0,2,1
2021-12-16,2021-12-16 10:48:18,760.0,2,1
2021-12-16,2021-12-16 10:55:08,2080.0,2,1
2021-12-16,2021-12-16 11:38:31,3200.0,2,1
2021-12-16,2021-12-16 16:03:19,1400.0,2,1
2021-12-17,2021-12-17 01:19:04,9360.0,2,1
2021-12-17,2021-12-17 01:20:19,10560.0,2,1
2021-12-17,2021-12-17 01:25:13,9040.0,2,1
2021-12-17,2021-12-17 04:27:15,8200.0,2,1
2021-12-17,2021-12-17 04:36:20,6880.0,2,1
2021-12-17,2021-12-17 04:38:51,10100.0,2,1
2021-12-17,2021-12-17 06:30:18,1260.0,2,1
2021-12-17,2021-12-17 07:10:55,760.0,2,1
2021-12-17,2021-12-17 08:43:57,200.0,2,1
2021-12-17,2021-12-17 09:16:21,520.0,2,1
2021-12-17,2021-12-17 10:17:19,820.0,2,1
2021-12-17,2021-12-17 10:42:36,5120.0,2,1
2021-12-17,2021-12-17 11:27:17,1440.0,2,1
2021-12-17,2021-12-17 11:46:22,100.0,2,1
2021-12-17,2021-12-17 16:26:51,920.0,2,1
2021-12-18,2021-12-18 01:08:22,10700.0,2,1
2021-12-18,2021-12-18 01:16:29,9960.0,2,1
2021-12-18,2021-12-18 01:26:52,11040.0,2,1
2021-12-18,2021-12-18 04:33:35,9860.0,2,1
2021-12-18,2021-12-18 04:34:03,7820.0,2,1
2021-12-18,2021-12-18 04:39:58,8320.0,2,1
2021-12-18,2021-12-18 06:23:36,820.0,2,1
2021-12-18,2021-12-18 08:13:24,2960.0,2,1
2021-12-18,2021-12-18 09:14:40,2300.0,2,1
2021-12-18,2021-12-18 11:03:35,2380.0,2,1
2021-12-18,2021-12-18 11:08:56,5260.0,2,1
2021-12-18,2021-12-18 11:17:51,3500.0,2,1
2021-12-18,2021-12-18 11:46:26,1640.0,2,1
2021-12-19,2021-12-19 01:01:05,10540.0,2,1
2021-12-19,2021-12-19 01:05:39,9420.0,2,1
2021-12-19,2021-12-19 01:32:38,8740.0,2,1
2021-12-19,2021-12-19 04:27:06,9820.0,2,1
2021-12-19,2021-12-19 04:29:46,8240.0,2,1
2021-12-19,2021-12-19 04:32:48,7360.0,2,1
2021-12-20,2021-12-20 01:09:22,8480.0,2,1
2021-12-20,2021-12-20 01:21:17,7500.0,2,1
2021-12-20,2021-12-20 01:21:47,8680.0,2,1
2021-12-20,2021-12-20 04:44:41,7040.0,2,1
2021-12-20,2021-12-20 04:47:27,6940.0,2,1
2021-12-20,2021-12-20 04:48:32,8660.0,2,1
2021-12-20,2021-12-20 06:27:52,1640.0,2,1
2021-12-20,2021-12-20 07:10:21,1600.0,2,1
2021-12-20,2021-12-20 09:14:50,240.0,2,1
2021-12-20,2021-12-20 10:54:30,1080.0,2,1
2021-12-20,2021-12-20 11:11:17,3900.0,2,1
2021-12-20,2021-12-20 11:19:04,4680.0,2,1
2021-12-20,2021-12-20 12:06:57,2280.0,2,1
2021-12-20,2021-12-20 16:12:46,80.0,2,1
2021-12-21,2021-12-21 01:12:49,9460.0,2,1
2021-12-21,2021-12-21 01:14:53,10740.0,2,1
2021-12-21,2021-12-21 01:28:34,11220.0,2,1
2021-12-21,2021-12-21 04:40:27,8640.0,2,1
2021-12-21,2021-12-21 04:40:52,7100.0,2,1
2021-12-21,2021-12-21 04:42:20,8580.0,2,1
2021-12-21,2021-12-21 06:32:06,920.0,2,1
2021-12-21,2021-12-21 07:13:08,3340.0,2,1
2021-12-21,2021-12-21 08:42:21,600.0,2,1
2021-12-21,2021-12-21 08:43:11,3620.0,2,1
2021-12-21,2021-12-21 09:42:48,2760.0,2,1
2021-12-21,2021-12-21 10:36:58,1080.0,2,1
2021-12-21,2021-12-21 10:52:04,580.0,2,1
2021-12-21,2021-12-21 10:53:30,4600.0,2,1
2021-12-21,2021-12-21 11:17:36,2180.0,2,1
2021-12-21,2021-12-21 11:27:25,2960.0,2,1
2021-12-21,2021-12-21 16:34:31,280.0,2,1
2021-12-22,2021-12-22 01:17:49,10660.0,2,1
2021-12-22,2021-12-22 01:40:28,10260.0,2,1
2021-12-22,2021-12-22 01:45:26,9180.0,2,1
2021-12-22,2021-12-22 04:39:32,9640.0,2,1
2021-12-22,2021-12-22 04:50:28,6520.0,2,1
2021-12-22,2021-12-22 04:51:48,7540.0,2,1
2021-12-22,2021-12-22 06:33:40,1100.0,2,1
2021-12-22,2021-12-22 07:15:54,1460.0,2,1
2021-12-22,2021-12-22 08:38:31,420.0,2,1
2021-12-22,2021-12-22 09:07:21,280.0,2,1
2021-12-22,2021-12-22 09:21:56,560.0,2,1
2021-12-22,2021-12-22 10:48:46,5200.0,2,1
2021-12-22,2021-12-22 10:57:43,2580.0,2,1
2021-12-22,2021-12-22 11:50:37,2580.0,2,1
2021-12-22,2021-12-22 11:52:33,800.0,2,1
2021-12-22,2021-12-22 16:27:06,380.0,2,1
2021-12-23,2021-12-23 01:10:42,11160.0,2,1
2021-12-23,2021-12-23 01:11:32,9340.0,2,1
2021-12-23,2021-12-23 01:29:54,10160.0,2,1
2021-12-23,2021-12-23 04:30:04,9380.0,2,1
2021-12-23,2021-12-23 04:36:23,7440.0,2,1
2021-12-23,2021-12-23 04:43:27,7900.0,2,1
2021-12-23,2021-12-23 06:31:44,800.0,2,1
2021-12-23,2021-12-23 07:08:22,2860.0,2,1
2021-12-23,2021-12-23 08:54:56,1320.0,2,1
2021-12-23,2021-12-23 09:01:41,1920.0,2,1
2021-12-23,2021-12-23 09:15:08,680.0,2,1
2021-12-23,2021-12-23 10:34:32,860.0,2,1
2021-12-23,2021-12-23 10:44:41,6040.0,2,1
2021-12-23,2021-12-23 11:53:00,2280.0,2,1
2021-12-23,2021-12-23 11:53:54,940.0,2,1
2021-12-23,2021-12-23 16:12:06,1240.0,2,1
2021-12-24,2021-12-24 01:15:29,10540.0,2,1
2021-12-24,2021-12-24 01:21:55,12000.0,2,1
2021-12-24,2021-12-24 01:28:51,10040.0,2,1
2021-12-24,2021-12-24 04:32:42,8580.0,2,1
2021-12-24,2021-12-24 04:33:47,9400.0,2,1
2021-12-24,2021-12-24 04:39:44,8080.0,2,1
2021-12-24,2021-12-24 06:34:30,1720.0,2,1
2021-12-24,2021-12-24 07:19:41,1220.0,2,1
2021-12-24,2021-12-24 08:33:13,3160.0,2,1
2021-12-24,2021-12-24 09:24:04,180.0,2,1
2021-12-24,2021-12-24 10:36:13,5780.0,2,1
2021-12-24,2021-12-24 10:39:28,640.0,2,1
2021-12-24,2021-12-24 11:10:45,2860.0,2,1
2021-12-24,2021-12-24 11:46:36,2600.0,2,1
2021-12-25,2021-12-25 04:49:22,12100.0,2,1
2021-12-25,2021-12-25 04:50:30,12000.0,2,1
2021-12-25,2021-12-25 04:51:04,11440.0,2,1
2021-12-25,2021-12-25 04:54:07,12260.0,2,1
2021-12-25,2021-12-25 06:55:11,7200.0,2,1
2021-12-25,2021-12-25 07:00:05,7320.0,2,1
2021-12-25,2021-12-25 07:07:20,5760.0,2,1
2021-12-25,2021-12-25 07:07:46,8320.0,2,1
2021-12-26,2021-12-26 01:08:57,10580.0,2,1
2021-12-26,2021-12-26 01:17:19,12120.0,2,1
2021-12-26,2021-12-26 01:26:00,9340.0,2,1
2021-12-26,2021-12-26 04:31:21,6540.0,2,1
2021-12-26,2021-12-26 04:33:22,7420.0,2,1
2021-12-26,2021-12-26 04:33:50,7620.0,2,1
2021-12-26,2021-12-26 06:35:47,1180.0,2,1
2021-12-26,2021-12-26 07:50:13,1220.0,2,1
2021-12-26,2021-12-26 09:13:35,3060.0,2,1
2021-12-26,2021-12-26 11:03:36,3440.0,2,1
2021-12-27,2021-12-27 01:13:22,9840.0,2,1
2021-12-27,2021-12-27 01:25:42,9340.0,2,1
2021-12-27,2021-12-27 01:40:49,10600.0,2,1
2021-12-27,2021-12-27 04:31:09,7360.0,2,1
2021-12-27,2021-12-27 04:32:56,8320.0,2,1
2021-12-27,2021-12-27 04:36:39,7060.0,2,1
2021-12-27,2021-12-27 06:27:06,1740.0,2,1
2021-12-27,2021-12-27 08:31:53,1040.0,2,1
2021-12-27,2021-12-27 09:26:50,1020.0,2,1
2021-12-27,2021-12-27 10:48:10,1000.0,2,1
2021-12-27,2021-12-27 10:55:31,4360.0,2,1
2021-12-27,2021-12-27 11:13:33,1840.0,2,1
2021-12-27,2021-12-27 12:15:27,4040.0,2,1
2021-12-27,2021-12-27 12:16:06,1260.0,2,1
2021-12-27,2021-12-27 16:07:14,560.0,2,1
2021-12-28,2021-12-28 01:22:12,10760.0,2,1
2021-12-28,2021-12-28 01:22:43,11720.0,2,1
2021-12-28,2021-12-28 01:28:40,12340.0,2,1
2021-12-28,2021-12-28 04:38:25,7720.0,2,1
2021-12-28,2021-12-28 04:38:52,8300.0,2,1
2021-12-28,2021-12-28 04:40:36,10840.0,2,1
2021-12-28,2021-12-28 06:30:00,820.0,2,1
2021-12-28,2021-12-28 07:21:36,2140.0,2,1
2021-12-28,2021-12-28 08:36:26,2940.0,2,1
2021-12-28,2021-12-28 10:31:39,2100.0,2,1
2021-12-28,2021-12-28 10:39:42,700.0,2,1
2021-12-28,2021-12-28 10:43:21,4660.0,2,1
2021-12-28,2021-12-28 10:57:08,2220.0,2,1
2021-12-28,2021-12-28 11:43:57,3600.0,2,1
2021-12-29,2021-12-29 01:24:09,11720.0,2,1
2021-12-29,2021-12-29 01:25:18,10260.0,2,1
2021-12-29,2021-12-29 02:05:54,10960.0,2,1
2021-12-29,2021-12-29 04:44:15,10140.0,2,1
2021-12-29,2021-12-29 04:50:22,6260.0,2,1
2021-12-29,2021-12-29 04:56:10,8300.0,2,1
2021-12-29,2021-12-29 06:37:39,1080.0,2,1
2021-12-29,2021-12-29 07:20:39,1160.0,2,1
2021-12-29,2021-12-29 08:59:43,440.0,2,1
2021-12-29,2021-12-29 10:33:50,680.0,2,1
2021-12-29,2021-12-29 10:35:33,6280.0,2,1
2021-12-29,2021-12-29 10:56:11,2760.0,2,1
2021-12-29,2021-12-29 11:43:37,2260.0,2,1
2021-12-29,2021-12-29 16:25:36,460.0,2,1
2021-12-30,2021-12-30 01:17:45,11140.0,2,1
2021-12-30,2021-12-30 01:26:58,11200.0,2,1
2021-12-30,2021-12-30 01:30:30,10680.0,2,1
2021-12-30,2021-12-30 04:29:05,7040.0,2,1
2021-12-30,2021-12-30 04:30:39,8300.0,2,1
2021-12-30,2021-12-30 04:33:54,9940.0,2,1
2021-12-30,2021-12-30 06:31:04,2220.0,2,1
2021-12-30,2021-12-30 08:14:00,2660.0,2,1
2021-12-30,2021-12-30 09:07:47,1360.0,2,1
2021-12-30,2021-12-30 10:43:42,5560.0,2,1
2021-12-30,2021-12-30 10:52:32,980.0,2,1
2021-12-30,2021-12-30 11:33:33,2180.0,2,1
2021-12-31,2021-12-31 01:22:53,12280.0,2,1
2021-12-31,2021-12-31 01:35:35,11120.0,2,1
2021-12-31,2021-12-31 02:02:37,10240.0,2,1
2021-12-31,2021-12-31 04:39:57,10080.0,2,1
2021-12-31,2021-12-31 04:53:16,8380.0,2,1
2021-12-31,2021-12-31 04:54:12,7660.0,2,1
2021-12-31,2021-12-31 06:36:04,1460.0,2,1
2021-12-31,2021-12-31 07:22:32,1180.0,2,1
2021-12-31,2021-12-31 08:23:06,3340.0,2,1
2021-12-31,2021-12-31 09:22:37,220.0,2,1
2021-12-31,2021-12-31 10:18:50,660.0,2,1
2021-12-31,2021-12-31 10:37:38,5440.0,2,1
2021-12-31,2021-12-31 11:07:56,2400.0,2,1
2021-12-31,2021-12-31 11:47:26,1600.0,2,1
2021-12-31,2021-12-31 16:08:07,440.0,2,1
2022-01-01,2022-01-01 04:24:45,8960.0,2,1
2022-01-01,2022-01-01 04:37:57,12140.0,2,1
2022-01-01,2022-01-01 04:53:54,10840.0,2,1
2022-01-01,2022-01-01 04:55:54,11320.0,2,1
2022-01-01,2022-01-01 06:57:58,6420.0,2,1
2022-01-01,2022-01-01 07:02:26,7520.0,2,1
2022-01-01,2022-01-01 07:03:53,8680.0,2,1
2022-01-01,2022-01-01 07:11:03,6120.0,2,1
2022-01-01,2022-01-01 07:28:13,900.0,2,1
2022-01-02,2022-01-02 00:44:04,10180.0,2,1
2022-01-02,2022-01-02 01:05:07,11600.0,2,1
2022-01-02,2022-01-02 01:12:26,8700.0,2,1
2022-01-02,2022-01-02 04:01:07,7660.0,2,1
2022-01-02,2022-01-02 04:10:57,6560.0,2,1
2022-01-02,2022-01-02 04:11:35,7960.0,2,1
2022-01-02,2022-01-02 06:37:29,1400.0,2,1
2022-01-02,2022-01-02 08:01:43,1660.0,2,1
2022-01-02,2022-01-02 09:11:47,3020.0,2,1
2022-01-02,2022-01-02 10:32:26,100.0,2,1
2022-01-02,2022-01-02 11:05:59,2180.0,2,1
2022-01-03,2022-01-03 00:19:05,8640.0,2,1
2022-01-03,2022-01-03 01:16:57,9420.0,2,1
2022-01-03,2022-01-03 01:34:20,10340.0,2,1
2022-01-03,2022-01-03 03:14:51,7620.0,2,1
2022-01-03,2022-01-03 04:27:23,6740.0,2,1
2022-01-03,2022-01-03 04:28:45,8460.0,2,1
2022-01-03,2022-01-03 06:35:21,940.0,2,1
2022-01-03,2022-01-03 08:44:13,2160.0,2,1
2022-01-03,2022-01-03 09:54:06,780.0,2,1
2022-01-03,2022-01-03 10:49:51,4720.0,2,1
2022-01-03,2022-01-03 10:55:01,1900.0,2,1
2022-01-03,2022-01-03 10:59:46,940.0,2,1
2022-01-03,2022-01-03 12:07:56,640.0,2,1
2022-01-04,2022-01-04 00:56:20,10700.0,2,1
2022-01-04,2022-01-04 01:00:01,11180.0,2,1
2022-01-04,2022-01-04 01:09:12,10120.0,2,1
2022-01-04,2022-01-04 04:30:22,11160.0,2,1
2022-01-04,2022-01-04 04:30:51,7760.0,2,1
2022-01-04,2022-01-04 04:32:48,9360.0,2,1
2022-01-04,2022-01-04 06:31:18,700.0,2,1
2022-01-04,2022-01-04 07:09:43,1960.0,2,1
2022-01-04,2022-01-04 08:58:39,1060.0,2,1
2022-01-04,2022-01-04 10:32:15,880.0,2,1
2022-01-04,2022-01-04 10:39:00,5360.0,2,1
2022-01-04,2022-01-04 11:01:48,3020.0,2,1
2022-01-04,2022-01-04 11:52:51,2360.0,2,1
2022-01-04,2022-01-04 16:23:33,660.0,2,1
2022-01-05,2022-01-05 00:59:21,9460.0,2,1
2022-01-05,2022-01-05 01:03:19,11180.0,2,1
2022-01-05,2022-01-05 01:18:14,9760.0,2,1
2022-01-05,2022-01-05 04:17:16,9060.0,2,1
2022-01-05,2022-01-05 04:25:46,6620.0,2,1
2022-01-05,2022-01-05 04:29:57,7500.0,2,1
2022-01-05,2022-01-05 06:34:13,980.0,2,1
2022-01-05,2022-01-05 07:18:22,820.0,2,1
2022-01-05,2022-01-05 08:37:15,2340.0,2,1
2022-01-05,2022-01-05 09:25:25,400.0,2,1
2022-01-05,2022-01-05 10:28:24,480.0,2,1
2022-01-05,2022-01-05 10:40:40,6540.0,2,1
2022-01-05,2022-01-05 10:51:33,2240.0,2,1
2022-01-05,2022-01-05 11:50:45,2460.0,2,1
2022-01-05,2022-01-05 16:21:06,860.0,2,1
2022-01-06,2022-01-06 00:57:16,11200.0,2,1
2022-01-06,2022-01-06 00:59:11,11100.0,2,1
2022-01-06,2022-01-06 01:11:00,10180.0,2,1
2022-01-06,2022-01-06 04:01:55,9260.0,2,1
2022-01-06,2022-01-06 04:14:45,8540.0,2,1
2022-01-06,2022-01-06 04:16:46,7840.0,2,1
2022-01-06,2022-01-06 10:41:22,140.0,2,1
2022-01-07,2022-01-07 01:12:20,9840.0,2,1
2022-01-07,2022-01-07 01:37:00,8700.0,2,1
2022-01-07,2022-01-07 01:37:34,8880.0,2,1
2022-01-07,2022-01-07 04:36:33,7140.0,2,1
2022-01-07,2022-01-07 04:37:11,10360.0,2,1
2022-01-07,2022-01-07 04:39:02,7400.0,2,1
2022-01-07,2022-01-07 06:37:20,900.0,2,1
2022-01-07,2022-01-07 07:16:53,820.0,2,1
2022-01-07,2022-01-07 08:22:19,3200.0,2,1
2022-01-07,2022-01-07 09:26:54,1300.0,2,1
2022-01-07,2022-01-07 10:40:12,6160.0,2,1
2022-01-07,2022-01-07 10:56:43,2540.0,2,1
2022-01-08,2022-01-08 01:05:00,11640.0,2,1
2022-01-08,2022-01-08 01:14:46,11760.0,2,1
2022-01-08,2022-01-08 01:15:51,10420.0,2,1
2022-01-08,2022-01-08 04:32:18,10920.0,2,1
2022-01-08,2022-01-08 04:32:58,8300.0,2,1
2022-01-08,2022-01-08 04:37:51,8840.0,2,1
2022-01-08,2022-01-08 06:30:20,1480.0,2,1
2022-01-08,2022-01-08 07:07:41,1260.0,2,1
2022-01-08,2022-01-08 08:49:41,300.0,2,1
2022-01-08,2022-01-08 09:42:55,1820.0,2,1
2022-01-08,2022-01-08 10:14:09,4960.0,2,1
2022-01-08,2022-01-08 11:29:08,2360.0,2,1
2022-01-08,2022-01-08 12:19:52,340.0,2,1
2022-01-08,2022-01-08 12:53:06,3000.0,2,1
2022-01-09,2022-01-09 00:58:24,9640.0,2,1
2022-01-09,2022-01-09 01:03:41,11140.0,2,1
2022-01-09,2022-01-09 01:24:20,11200.0,2,1
2022-01-09,2022-01-09 04:26:08,8320.0,2,1
2022-01-09,2022-01-09 04:30:50,8180.0,2,1
2022-01-09,2022-01-09 04:32:14,12140.0,2,1
2022-01-10,2022-01-10 01:02:30,8980.0,2,1
2022-01-10,2022-01-10 01:15:44,9040.0,2,1
2022-01-10,2022-01-10 01:23:52,10240.0,2,1
2022-01-10,2022-01-10 04:27:35,7760.0,2,1
2022-01-10,2022-01-10 04:28:01,8580.0,2,1
2022-01-10,2022-01-10 04:34:23,7400.0,2,1
2022-01-10,2022-01-10 06:36:45,1120.0,2,1
2022-01-10,2022-01-10 07:20:21,1960.0,2,1
2022-01-10,2022-01-10 08:55:01,260.0,2,1
2022-01-10,2022-01-10 09:18:30,400.0,2,1
2022-01-10,2022-01-10 10:56:10,3020.0,2,1
2022-01-10,2022-01-10 10:57:07,4980.0,2,1
2022-01-10,2022-01-10 11:18:07,920.0,2,1
2022-01-10,2022-01-10 12:00:54,1780.0,2,1
2022-01-11,2022-01-11 00:51:37,11840.0,2,1
2022-01-11,2022-01-11 00:57:15,11760.0,2,1
2022-01-11,2022-01-11 01:03:20,10580.0,2,1
2022-01-11,2022-01-11 04:13:03,11000.0,2,1
2022-01-11,2022-01-11 04:21:47,7580.0,2,1
2022-01-11,2022-01-11 04:23:16,8700.0,2,1
2022-01-11,2022-01-11 06:31:33,1020.0,2,1
2022-01-11,2022-01-11 07:06:08,2900.0,2,1
2022-01-11,2022-01-11 08:43:53,1840.0,2,1
2022-01-11,2022-01-11 09:37:47,940.0,2,1
2022-01-11,2022-01-11 10:41:00,620.0,2,1
2022-01-11,2022-01-11 10:44:10,5040.0,2,1
2022-01-11,2022-01-11 10:53:30,2500.0,2,1
2022-01-11,2022-01-11 11:56:25,2180.0,2,1
2022-01-11,2022-01-11 16:16:50,420.0,2,1
2022-01-12,2022-01-12 00:53:49,9200.0,2,1
2022-01-12,2022-01-12 00:57:55,9680.0,2,1
2022-01-12,2022-01-12 00:59:48,11340.0,2,1
2022-01-12,2022-01-12 04:13:29,10540.0,2,1
2022-01-12,2022-01-12 04:18:14,6880.0,2,1
2022-01-12,2022-01-12 04:21:21,8080.0,2,1
2022-01-12,2022-01-12 06:31:46,840.0,2,1
2022-01-12,2022-01-12 07:17:10,1680.0,2,1
2022-01-12,2022-01-12 09:07:09,100.0,2,1
2022-01-12,2022-01-12 10:19:06,740.0,2,1
2022-01-12,2022-01-12 10:42:17,5500.0,2,1
2022-01-12,2022-01-12 11:07:07,2460.0,2,1
2022-01-12,2022-01-12 11:27:13,1080.0,2,1
2022-01-12,2022-01-12 16:14:38,220.0,2,1
2022-01-13,2022-01-13 00:59:27,10760.0,2,1
2022-01-13,2022-01-13 01:05:16,9520.0,2,1
2022-01-13,2022-01-13 01:06:03,10420.0,2,1
2022-01-13,2022-01-13 04:20:28,6720.0,2,1
2022-01-13,2022-01-13 04:24:24,9120.0,2,1
2022-01-13,2022-01-13 04:29:34,7120.0,2,1
2022-01-13,2022-01-13 06:29:23,740.0,2,1
2022-01-13,2022-01-13 08:34:09,2560.0,2,1
2022-01-13,2022-01-13 09:29:33,860.0,2,1
2022-01-13,2022-01-13 10:43:03,1120.0,2,1
2022-01-13,2022-01-13 10:43:40,5000.0,2,1
2022-01-13,2022-01-13 10:51:50,2080.0,2,1
2022-01-13,2022-01-13 11:47:27,1580.0,2,1
2022-01-14,2022-01-14 01:01:42,10140.0,2,1
2022-01-14,2022-01-14 01:04:59,9320.0,2,1
2022-01-14,2022-01-14 01:26:07,9440.0,2,1
2022-01-14,2022-01-14 04:21:34,6780.0,2,1
2022-01-14,2022-01-14 04:21:57,9960.0,2,1
2022-01-14,2022-01-14 04:22:33,7480.0,2,1
2022-01-14,2022-01-14 06:28:35,1100.0,2,1
2022-01-14,2022-01-14 07:16:57,1240.0,2,1
2022-01-14,2022-01-14 08:45:28,2400.0,2,1
2022-01-14,2022-01-14 09:40:56,80.0,2,1
2022-01-14,2022-01-14 10:30:55,580.0,2,1
2022-01-14,2022-01-14 10:42:30,5980.0,2,1
2022-01-14,2022-01-14 10:55:49,2360.0,2,1
2022-01-14,2022-01-14 12:15:43,1380.0,2,1
2022-01-14,2022-01-14 16:02:15,360.0,2,1
2022-01-15,2022-01-15 01:01:51,9580.0,2,1
2022-01-15,2022-01-15 01:07:40,10660.0,2,1
2022-01-15,2022-01-15 01:09:21,10520.0,2,1
2022-01-15,2022-01-15 04:16:14,10120.0,2,1
2022-01-15,2022-01-15 04:25:33,7780.0,2,1
2022-01-15,2022-01-15 04:27:32,7180.0,2,1
2022-01-15,2022-01-15 06:39:14,700.0,2,1
2022-01-15,2022-01-15 07:30:41,2720.0,2,1
2022-01-15,2022-01-15 09:21:56,900.0,2,1
2022-01-15,2022-01-15 11:01:43,5340.0,2,1
2022-01-15,2022-01-15 11:02:12,2560.0,2,1
2022-01-15,2022-01-15 11:55:37,1260.0,2,1
2022-01-16,2022-01-16 00:52:14,8840.0,2,1
2022-01-16,2022-01-16 01:02:09,10460.0,2,1
2022-01-16,2022-01-16 01:09:22,9580.0,2,1
2022-01-16,2022-01-16 04:26:11,7200.0,2,1
2022-01-16,2022-01-16 04:26:47,7620.0,2,1
2022-01-16,2022-01-16 04:29:31,10520.0,2,1
2022-01-17,2022-01-17 00:56:52,8220.0,2,1
2022-01-17,2022-01-17 01:09:55,9600.0,2,1
2022-01-17,2022-01-17 01:36:10,9620.0,2,1
2022-01-17,2022-01-17 04:27:09,5920.0,2,1
2022-01-17,2022-01-17 04:27:47,6980.0,2,1
2022-01-17,2022-01-17 04:29:16,7720.0,2,1
2022-01-17,2022-01-17 06:35:36,1580.0,2,1
2022-01-17,2022-01-17 07:19:35,1500.0,2,1
2022-01-17,2022-01-17 08:50:07,240.0,2,1
2022-01-17,2022-01-17 10:55:40,4520.0,2,1
2022-01-17,2022-01-17 10:57:22,1060.0,2,1
2022-01-17,2022-01-17 10:58:37,2940.0,2,1
2022-01-17,2022-01-17 12:14:06,820.0,2,1
2022-01-17,2022-01-17 16:11:47,320.0,2,1
2022-01-18,2022-01-18 00:54:08,9160.0,2,1
2022-01-18,2022-01-18 01:17:08,10000.0,2,1
2022-01-18,2022-01-18 01:25:20,10620.0,2,1
2022-01-18,2022-01-18 04:33:26,7480.0,2,1
2022-01-18,2022-01-18 04:34:20,7560.0,2,1
2022-01-18,2022-01-18 04:35:39,9780.0,2,1
2022-01-18,2022-01-18 06:34:02,920.0,2,1
2022-01-18,2022-01-18 07:12:53,2860.0,2,1
2022-01-18,2022-01-18 09:16:20,260.0,2,1
2022-01-18,2022-01-18 09:36:18,820.0,2,1
2022-01-18,2022-01-18 10:31:51,600.0,2,1
2022-01-18,2022-01-18 10:42:39,4600.0,2,1
2022-01-18,2022-01-18 11:37:16,1680.0,2,1
2022-01-18,2022-01-18 11:47:23,180.0,2,1
2022-01-18,2022-01-18 16:26:49,880.0,2,1
2022-01-19,2022-01-19 00:54:47,9320.0,2,1
2022-01-19,2022-01-19 01:03:21,10180.0,2,1
2022-01-19,2022-01-19 01:18:23,8680.0,2,1
2022-01-19,2022-01-19 04:20:56,8540.0,2,1
2022-01-19,2022-01-19 04:22:26,6240.0,2,1
2022-01-19,2022-01-19 04:25:17,8680.0,2,1
2022-01-19,2022-01-19 06:31:33,880.0,2,1
2022-01-19,2022-01-19 07:15:08,2020.0,2,1
2022-01-19,2022-01-19 08:59:17,3760.0,2,1
2022-01-19,2022-01-19 09:44:03,420.0,2,1
2022-01-19,2022-01-19 10:45:04,520.0,2,1
2022-01-19,2022-01-19 10:51:10,4740.0,2,1
2022-01-19,2022-01-19 11:08:48,1780.0,2,1
2022-01-19,2022-01-19 11:11:08,100.0,2,1
2022-01-19,2022-01-19 11:43:08,180.0,2,1
2022-01-19,2022-01-19 16:35:48,1020.0,2,1
2022-01-20,2022-01-20 01:02:45,9040.0,2,1
2022-01-20,2022-01-20 01:10:42,10240.0,2,1
2022-01-20,2022-01-20 01:25:31,9520.0,2,1
2022-01-20,2022-01-20 04:18:10,9360.0,2,1
2022-01-20,2022-01-20 04:18:55,6680.0,2,1
2022-01-20,2022-01-20 04:19:30,7440.0,2,1
2022-01-20,2022-01-20 06:35:34,740.0,2,1
2022-01-20,2022-01-20 07:12:36,2580.0,2,1
2022-01-20,2022-01-20 08:42:23,1000.0,2,1
2022-01-20,2022-01-20 08:58:16,1240.0,2,1
2022-01-20,2022-01-20 09:27:47,580.0,2,1
2022-01-20,2022-01-20 10:38:14,1580.0,2,1
2022-01-20,2022-01-20 10:41:46,5340.0,2,1
2022-01-20,2022-01-20 11:36:39,1240.0,2,1
2022-01-20,2022-01-20 11:41:11,280.0,2,1
2022-01-20,2022-01-20 16:13:12,180.0,2,1
2022-01-21,2022-01-21 01:18:19,8900.0,2,1
2022-01-21,2022-01-21 01:25:45,10120.0,2,1
2022-01-21,2022-01-21 01:30:59,8980.0,2,1
2022-01-21,2022-01-21 04:29:21,7980.0,2,1
2022-01-21,2022-01-21 04:35:58,7340.0,2,1
2022-01-21,2022-01-21 04:36:26,8420.0,2,1
2022-01-21,2022-01-21 06:24:34,940.0,2,1
2022-01-21,2022-01-21 07:12:13,1020.0,2,1
2022-01-21,2022-01-21 08:55:28,200.0,2,1
2022-01-21,2022-01-21 10:38:47,720.0,2,1
2022-01-21,2022-01-21 10:43:44,5000.0,2,1
2022-01-21,2022-01-21 10:46:52,1520.0,2,1
2022-01-21,2022-01-21 11:33:34,1420.0,2,1
2022-01-22,2022-01-22 01:00:02,10260.0,2,1
2022-01-22,2022-01-22 01:00:44,11020.0,2,1
2022-01-22,2022-01-22 01:27:57,9920.0,2,1
2022-01-22,2022-01-22 04:21:56,8440.0,2,1
2022-01-22,2022-01-22 04:26:19,7580.0,2,1
2022-01-22,2022-01-22 04:33:52,6940.0,2,1
2022-01-22,2022-01-22 06:34:44,700.0,2,1
2022-01-22,2022-01-22 07:12:37,2800.0,2,1
2022-01-22,2022-01-22 09:03:49,1120.0,2,1
2022-01-22,2022-01-22 10:58:19,5160.0,2,1
2022-01-22,2022-01-22 11:11:17,2840.0,2,1
2022-01-22,2022-01-22 12:20:10,1040.0,2,1
2022-01-22,2022-01-22 12:42:55,2380.0,2,1
2022-01-23,2022-01-23 00:58:44,11100.0,2,1
2022-01-23,2022-01-23 00:59:09,9740.0,2,1
2022-01-23,2022-01-23 01:15:05,9240.0,2,1
2022-01-23,2022-01-23 04:24:42,6900.0,2,1
2022-01-23,2022-01-23 04:29:05,7700.0,2,1
2022-01-23,2022-01-23 04:30:05,10340.0,2,1
2022-01-24,2022-01-24 01:09:50,8620.0,2,1
2022-01-24,2022-01-24 01:14:26,8160.0,2,1
2022-01-24,2022-01-24 01:42:10,9400.0,2,1
2022-01-24,2022-01-24 04:32:11,6700.0,2,1
2022-01-24,2022-01-24 04:34:42,7120.0,2,1
2022-01-24,2022-01-24 04:35:10,6880.0,2,1
2022-01-24,2022-01-24 06:37:29,1540.0,2,1
2022-01-24,2022-01-24 07:18:11,1500.0,2,1
2022-01-24,2022-01-24 08:57:23,2840.0,2,1
2022-01-24,2022-01-24 09:51:43,340.0,2,1
2022-01-24,2022-01-24 10:40:08,300.0,2,1
2022-01-24,2022-01-24 10:52:48,4120.0,2,1
2022-01-24,2022-01-24 10:59:04,3260.0,2,1
2022-01-24,2022-01-24 12:20:16,1580.0,2,1
2022-01-24,2022-01-24 16:05:43,400.0,2,1
2022-01-25,2022-01-25 01:17:17,9600.0,2,1
2022-01-25,2022-01-25 01:22:32,9920.0,2,1
2022-01-25,2022-01-25 01:26:09,10900.0,2,1
2022-01-25,2022-01-25 04:34:39,8060.0,2,1
2022-01-25,2022-01-25 04:37:08,6880.0,2,1
2022-01-25,2022-01-25 04:38:52,9480.0,2,1
2022-01-25,2022-01-25 06:30:48,1060.0,2,1
2022-01-25,2022-01-25 07:08:09,2700.0,2,1
2022-01-25,2022-01-25 09:12:19,540.0,2,1
2022-01-25,2022-01-25 10:39:34,1000.0,2,1
2022-01-25,2022-01-25 11:04:23,5000.0,2,1
2022-01-25,2022-01-25 11:07:24,2940.0,2,1
2022-01-25,2022-01-25 11:36:30,2080.0,2,1
2022-01-25,2022-01-25 16:32:39,440.0,2,1
2022-01-26,2022-01-26 01:22:42,9200.0,2,1
2022-01-26,2022-01-26 01:30:35,8680.0,2,1
2022-01-26,2022-01-26 01:55:48,9920.0,2,1
2022-01-26,2022-01-26 04:53:51,8660.0,2,1
2022-01-26,2022-01-26 04:57:13,8100.0,2,1
2022-01-26,2022-01-26 04:57:39,6500.0,2,1
2022-01-26,2022-01-26 06:35:36,1680.0,2,1
2022-01-26,2022-01-26 08:42:01,860.0,2,1
2022-01-26,2022-01-26 09:48:14,100.0,2,1
2022-01-26,2022-01-26 10:28:57,780.0,2,1
2022-01-26,2022-01-26 10:51:19,4600.0,2,1
2022-01-26,2022-01-26 10:53:05,2520.0,2,1
2022-01-26,2022-01-26 11:30:28,1520.0,2,1
2022-01-26,2022-01-26 16:24:17,400.0,2,1
2022-01-27,2022-01-27 01:10:57,10220.0,2,1
2022-01-27,2022-01-27 01:13:13,9980.0,2,1
2022-01-27,2022-01-27 01:23:26,8840.0,2,1
2022-01-27,2022-01-27 04:33:45,9240.0,2,1
2022-01-27,2022-01-27 04:39:32,7640.0,2,1
2022-01-27,2022-01-27 04:42:19,6360.0,2,1
2022-01-27,2022-01-27 06:30:45,640.0,2,1
2022-01-27,2022-01-27 07:08:05,2660.0,2,1
2022-01-27,2022-01-27 09:07:27,1640.0,2,1
2022-01-27,2022-01-27 10:36:36,480.0,2,1
2022-01-27,2022-01-27 10:41:29,5580.0,2,1
2022-01-27,2022-01-27 10:57:16,1900.0,2,1
2022-01-27,2022-01-27 11:43:07,2100.0,2,1
2022-01-28,2022-01-28 01:19:24,10940.0,2,1
2022-01-28,2022-01-28 01:24:22,9400.0,2,1
2022-01-28,2022-01-28 01:33:22,8300.0,2,1
2022-01-28,2022-01-28 04:31:42,9440.0,2,1
2022-01-28,2022-01-28 04:33:52,6200.0,2,1
2022-01-28,2022-01-28 04:38:15,7740.0,2,1
2022-01-28,2022-01-28 06:30:14,940.0,2,1
2022-01-28,2022-01-28 07:13:57,1220.0,2,1
2022-01-28,2022-01-28 09:15:36,3720.0,2,1
2022-01-28,2022-01-28 10:32:18,5240.0,2,1
2022-01-28,2022-01-28 10:36:44,900.0,2,1
2022-01-28,2022-01-28 10:53:55,1720.0,2,1
2022-01-28,2022-01-28 10:55:32,120.0,2,1
2022-01-28,2022-01-28 11:51:34,1780.0,2,1
2022-01-28,2022-01-28 16:10:16,480.0,2,1
2022-01-29,2022-01-29 01:15:03,9440.0,2,1
2022-01-29,2022-01-29 01:15:38,10500.0,2,1
2022-01-29,2022-01-29 01:21:07,10360.0,2,1
2022-01-29,2022-01-29 04:26:41,7580.0,2,1
2022-01-29,2022-01-29 04:29:21,8760.0,2,1
2022-01-29,2022-01-29 04:35:26,8760.0,2,1
2022-01-29,2022-01-29 09:30:48,720.0,2,1
2022-01-29,2022-01-29 09:37:11,2560.0,2,1
2022-01-29,2022-01-29 09:38:10,1140.0,2,1
2022-01-29,2022-01-29 10:44:44,4820.0,2,1
2022-01-29,2022-01-29 11:33:59,2320.0,2,1
2022-01-29,2022-01-29 12:12:51,2160.0,2,1
2022-01-30,2022-01-30 00:56:59,9960.0,2,1
2022-01-30,2022-01-30 01:00:06,11420.0,2,1
2022-01-30,2022-01-30 01:27:59,9300.0,2,1
2022-01-30,2022-01-30 04:30:28,6680.0,2,1
2022-01-30,2022-01-30 04:38:01,8900.0,2,1
2022-01-30,2022-01-30 04:39:46,9120.0,2,1
2022-01-31,2022-01-31 01:12:27,8600.0,2,1
2022-01-31,2022-01-31 01:39:07,8100.0,2,1
2022-01-31,2022-01-31 01:43:00,9240.0,2,1
2022-01-31,2022-01-31 04:44:48,7480.0,2,1
2022-01-31,2022-01-31 04:45:22,7840.0,2,1
2022-01-31,2022-01-31 04:51:13,6100.0,2,1
2022-01-31,2022-01-31 06:37:02,1700.0,2,1
2022-01-31,2022-01-31 07:22:36,1460.0,2,1
2022-01-31,2022-01-31 08:58:31,400.0,2,1
2022-01-31,2022-01-31 10:51:37,4260.0,2,1
2022-01-31,2022-01-31 10:57:43,2980.0,2,1
2022-01-31,2022-01-31 11:08:22,800.0,2,1
2022-01-31,2022-01-31 11:46:04,1220.0,2,1
2022-02-01,2022-02-01 01:02:34,10220.0,2,1
2022-02-01,2022-02-01 01:16:03,9860.0,2,1
2022-02-01,2022-02-01 01:20:22,10660.0,2,1
2022-02-01,2022-02-01 04:29:00,6160.0,2,1
2022-02-01,2022-02-01 04:33:34,8680.0,2,1
2022-02-01,2022-02-01 04:41:35,8900.0,2,1
2022-02-01,2022-02-01 06:32:57,940.0,2,1
2022-02-01,2022-02-01 07:12:22,3000.0,2,1
2022-02-01,2022-02-01 09:25:32,1520.0,2,1
2022-02-01,2022-02-01 10:32:29,640.0,2,1
2022-02-01,2022-02-01 10:37:19,4860.0,2,1
2022-02-01,2022-02-01 11:07:46,2660.0,2,1
2022-02-01,2022-02-01 16:21:44,460.0,2,1
2022-02-02,2022-02-02 01:02:20,9580.0,2,1
2022-02-02,2022-02-02 01:13:40,10160.0,2,1
2022-02-02,2022-02-02 01:54:54,8160.0,2,1
2022-02-02,2022-02-02 04:39:21,7300.0,2,1
2022-02-02,2022-02-02 04:43:58,9520.0,2,1
2022-02-02,2022-02-02 04:47:48,6340.0,2,1
2022-02-03,2022-02-03 00:57:37,8380.0,2,1
2022-02-03,2022-02-03 01:02:14,8860.0,2,1
2022-02-03,2022-02-03 01:29:08,7760.0,2,1
2022-02-03,2022-02-03 04:26:33,6480.0,2,1
2022-02-03,2022-02-03 04:28:54,4980.0,2,1
2022-02-03,2022-02-03 04:33:46,8860.0,2,1
2022-02-03,2022-02-03 08:40:53,2000.0,2,1
2022-02-03,2022-02-03 09:40:49,1100.0,2,1
2022-02-03,2022-02-03 10:42:44,500.0,2,1
2022-02-03,2022-02-03 10:48:47,2180.0,2,1
2022-02-03,2022-02-03 10:54:42,5700.0,2,1
2022-02-03,2022-02-03 12:09:22,2000.0,2,1
2022-02-03,2022-02-03 13:13:52,3120.0,2,1
2022-02-03,2022-02-03 13:14:26,1080.0,2,1
2022-02-04,2022-02-04 01:15:43,8000.0,2,1
2022-02-04,2022-02-04 01:15:47,11300.0,2,1
2022-02-04,2022-02-04 01:17:35,8340.0,2,1
2022-02-04,2022-02-04 04:41:47,7490.0,2,1
2022-02-04,2022-02-04 05:00:29,10160.0,2,1
2022-02-04,2022-02-04 05:05:48,8480.0,2,1
2022-02-04,2022-02-04 06:24:44,840.0,2,1
2022-02-04,2022-02-04 07:13:59,2800.0,2,1
2022-02-04,2022-02-04 09:09:29,100.0,2,1
2022-02-04,2022-02-04 10:40:43,460.0,2,1
2022-02-04,2022-02-04 10:54:54,2080.0,2,1
2022-02-04,2022-02-04 10:56:49,4980.0,2,1
2022-02-04,2022-02-04 16:05:40,480.0,2,1
2022-02-05,2022-02-05 01:09:00,10040.0,2,1
2022-02-05,2022-02-05 01:19:22,10600.0,2,1
2022-02-05,2022-02-05 01:28:16,9440.0,2,1
2022-02-05,2022-02-05 04:31:26,9400.0,2,1
2022-02-05,2022-02-05 04:34:52,6760.0,2,1
2022-02-05,2022-02-05 04:37:56,8220.0,2,1
2022-02-05,2022-02-05 06:30:59,1280.0,2,1
2022-02-05,2022-02-05 07:18:40,2840.0,2,1
2022-02-05,2022-02-05 08:02:17,2280.0,2,1
2022-02-05,2022-02-05 09:08:08,1260.0,2,1
2022-02-05,2022-02-05 10:02:52,5840.0,2,1
2022-02-05,2022-02-05 11:06:21,2840.0,2,1
2022-02-05,2022-02-05 11:48:26,620.0,2,1
2022-02-05,2022-02-05 12:15:49,1600.0,2,1
2022-02-06,2022-02-06 00:55:06,9660.0,2,1
2022-02-06,2022-02-06 00:58:32,9780.0,2,1
2022-02-06,2022-02-06 01:16:50,9400.0,2,1
2022-02-06,2022-02-06 04:32:08,7380.0,2,1
2022-02-06,2022-02-06 04:35:42,7020.0,2,1
2022-02-06,2022-02-06 04:39:59,9100.0,2,1
2022-02-07,2022-02-07 01:00:53,8320.0,2,1
2022-02-07,2022-02-07 01:10:27,8500.0,2,1
2022-02-07,2022-02-07 01:39:31,8560.0,2,1
2022-02-07,2022-02-07 04:31:57,6960.0,2,1
2022-02-07,2022-02-07 04:42:27,7800.0,2,1
2022-02-07,2022-02-07 04:44:45,8220.0,2,1
2022-02-07,2022-02-07 06:40:59,820.0,2,1
2022-02-07,2022-02-07 07:27:10,1440.0,2,1
2022-02-07,2022-02-07 09:15:06,2820.0,2,1
2022-02-07,2022-02-07 10:38:45,4100.0,2,1
2022-02-07,2022-02-07 10:55:40,2940.0,2,1
2022-02-07,2022-02-07 10:59:29,760.0,2,1
2022-02-07,2022-02-07 11:12:49,300.0,2,1
2022-02-07,2022-02-07 12:14:08,1220.0,2,1
2022-02-07,2022-02-07 16:09:44,340.0,2,1
2022-02-08,2022-02-08 01:10:02,10480.0,2,1
2022-02-08,2022-02-08 01:10:28,9880.0,2,1
2022-02-08,2022-02-08 01:15:22,9320.0,2,1
2022-02-08,2022-02-08 04:29:28,8480.0,2,1
2022-02-08,2022-02-08 04:31:33,5700.0,2,1
2022-02-08,2022-02-08 04:38:50,10000.0,2,1
2022-02-08,2022-02-08 06:35:03,1140.0,2,1
2022-02-08,2022-02-08 07:15:16,2920.0,2,1
2022-02-08,2022-02-08 08:44:58,1260.0,2,1
2022-02-08,2022-02-08 09:27:28,700.0,2,1
2022-02-08,2022-02-08 10:42:53,4500.0,2,1
2022-02-08,2022-02-08 11:10:07,2420.0,2,1
2022-02-08,2022-02-08 11:54:03,1340.0,2,1
2022-02-08,2022-02-08 16:25:40,420.0,2,1
2022-02-09,2022-02-09 01:10:37,11020.0,2,1
2022-02-09,2022-02-09 01:18:15,9800.0,2,1
2022-02-09,2022-02-09 01:27:34,8460.0,2,1
2022-02-09,2022-02-09 04:38:28,5600.0,2,1
2022-02-09,2022-02-09 04:46:32,8060.0,2,1
2022-02-09,2022-02-09 04:47:01,9360.0,2,1
2022-02-09,2022-02-09 06:33:43,780.0,2,1
2022-02-09,2022-02-09 07:16:06,1540.0,2,1
2022-02-09,2022-02-09 09:01:03,100.0,2,1
2022-02-09,2022-02-09 10:24:40,1000.0,2,1
2022-02-09,2022-02-09 10:53:45,5400.0,2,1
2022-02-09,2022-02-09 11:12:53,1980.0,2,1
2022-02-09,2022-02-09 11:25:59,1120.0,2,1
2022-02-09,2022-02-09 16:14:27,380.0,2,1
2022-02-10,2022-02-10 01:04:29,8780.0,2,1
2022-02-10,2022-02-10 01:04:54,9920.0,2,1
2022-02-10,2022-02-10 01:10:42,10440.0,2,1
2022-02-10,2022-02-10 04:24:52,6780.0,2,1
2022-02-10,2022-02-10 04:31:21,7800.0,2,1
2022-02-10,2022-02-10 04:31:49,8620.0,2,1
2022-02-10,2022-02-10 06:16:53,700.0,2,1
2022-02-10,2022-02-10 08:28:21,3220.0,2,1
2022-02-10,2022-02-10 09:37:33,1560.0,2,1
2022-02-10,2022-02-10 10:08:09,1060.0,2,1
2022-02-10,2022-02-10 10:39:21,1080.0,2,1
2022-02-10,2022-02-10 10:56:34,1800.0,2,1
2022-02-10,2022-02-10 11:03:42,5120.0,2,1
2022-02-10,2022-02-10 11:25:24,1620.0,2,1
2022-02-10,2022-02-10 16:19:12,80.0,2,1
2022-02-11,2022-02-11 01:19:33,10240.0,2,1
2022-02-11,2022-02-11 01:20:06,8560.0,2,1
2022-02-11,2022-02-11 01:20:38,8980.0,2,1
2022-02-11,2022-02-11 04:35:53,5940.0,2,1
2022-02-11,2022-02-11 04:36:21,8100.0,2,1
2022-02-11,2022-02-11 04:42:05,10380.0,2,1
2022-02-11,2022-02-11 06:28:52,1100.0,2,1
2022-02-11,2022-02-11 07:14:02,1200.0,2,1
2022-02-11,2022-02-11 08:53:41,120.0,2,1
2022-02-11,2022-02-11 10:17:13,800.0,2,1
2022-02-11,2022-02-11 10:33:50,840.0,2,1
2022-02-11,2022-02-11 10:56:12,2400.0,2,1
2022-02-11,2022-02-11 11:04:59,5500.0,2,1
2022-02-11,2022-02-11 12:07:07,420.0,2,1
2022-02-11,2022-02-11 16:14:45,160.0,2,1
2022-02-12,2022-02-12 01:04:10,10160.0,2,1
2022-02-12,2022-02-12 01:17:23,10740.0,2,1
2022-02-12,2022-02-12 01:31:24,9920.0,2,1
2022-02-12,2022-02-12 04:37:24,9800.0,2,1
2022-02-12,2022-02-12 04:41:00,8220.0,2,1
2022-02-12,2022-02-12 04:44:00,7100.0,2,1
2022-02-12,2022-02-12 07:39:06,660.0,2,1
2022-02-12,2022-02-12 08:28:42,2780.0,2,1
2022-02-12,2022-02-12 10:24:31,1360.0,2,1
2022-02-12,2022-02-12 10:48:57,5080.0,2,1
2022-02-12,2022-02-12 11:06:39,2840.0,2,1
2022-02-12,2022-02-12 11:32:34,4080.0,2,1
2022-02-12,2022-02-12 12:00:48,920.0,2,1
2022-02-13,2022-02-13 00:58:55,9160.0,2,1
2022-02-13,2022-02-13 00:59:26,10380.0,2,1
2022-02-13,2022-02-13 01:09:36,9020.0,2,1
2022-02-13,2022-02-13 04:27:37,7860.0,2,1
2022-02-13,2022-02-13 04:29:56,8380.0,2,1
2022-02-13,2022-02-13 04:40:34,10000.0,2,1
2022-02-14,2022-02-14 01:07:19,8220.0,2,1
2022-02-14,2022-02-14 01:19:18,8560.0,2,1
2022-02-14,2022-02-14 01:47:55,9200.0,2,1
2022-02-14,2022-02-14 04:35:07,6180.0,2,1
2022-02-14,2022-02-14 04:39:55,7080.0,2,1
2022-02-14,2022-02-14 04:40:25,6500.0,2,1
2022-02-14,2022-02-14 06:27:04,1560.0,2,1
2022-02-14,2022-02-14 08:36:23,1860.0,2,1
2022-02-14,2022-02-14 09:54:58,340.0,2,1
2022-02-14,2022-02-14 10:00:35,3380.0,2,1
2022-02-14,2022-02-14 10:59:18,460.0,2,1
2022-02-14,2022-02-14 11:00:49,3420.0,2,1
2022-02-14,2022-02-14 12:39:09,1660.0,2,1
2022-02-14,2022-02-14 16:16:29,100.0,2,1
2022-02-15,2022-02-15 01:08:52,10100.0,2,1
2022-02-15,2022-02-15 01:27:43,10120.0,2,1
2022-02-15,2022-02-15 01:30:51,9320.0,2,1
2022-02-15,2022-02-15 04:28:48,8920.0,2,1
2022-02-15,2022-02-15 04:31:50,6240.0,2,1
2022-02-15,2022-02-15 04:41:52,9680.0,2,1
2022-02-15,2022-02-15 06:21:07,920.0,2,1
2022-02-15,2022-02-15 08:13:36,2900.0,2,1
2022-02-15,2022-02-15 09:25:42,1860.0,2,1
2022-02-15,2022-02-15 10:10:09,5280.0,2,1
2022-02-15,2022-02-15 10:34:48,740.0,2,1
2022-02-15,2022-02-15 11:01:15,2220.0,2,1
2022-02-15,2022-02-15 11:42:46,2220.0,2,1
2022-02-15,2022-02-15 16:22:45,260.0,2,1
2022-02-16,2022-02-16 00:59:30,8960.0,2,1
2022-02-16,2022-02-16 01:20:13,10460.0,2,1
2022-02-16,2022-02-16 01:25:42,8100.0,2,1
2022-02-16,2022-02-16 04:28:03,5480.0,2,1
2022-02-16,2022-02-16 04:35:11,9060.0,2,1
2022-02-16,2022-02-16 04:36:54,9040.0,2,1
2022-02-16,2022-02-16 06:28:53,760.0,2,1
2022-02-16,2022-02-16 07:14:18,1240.0,2,1
2022-02-16,2022-02-16 08:47:39,2420.0,2,1
2022-02-16,2022-02-16 11:20:16,460.0,2,1
2022-02-16,2022-02-16 11:20:47,5240.0,2,1
2022-02-16,2022-02-16 11:21:23,2100.0,2,1
2022-02-16,2022-02-16 11:21:58,1860.0,2,1
2022-02-16,2022-02-16 16:11:48,320.0,2,1
2022-02-17,2022-02-17 01:08:03,9540.0,2,1
2022-02-17,2022-02-17 01:18:26,10160.0,2,1
2022-02-17,2022-02-17 01:29:42,8840.0,2,1
2022-02-17,2022-02-17 04:26:15,9220.0,2,1
2022-02-17,2022-02-17 04:31:16,6060.0,2,1
2022-02-17,2022-02-17 04:34:16,7920.0,2,1
2022-02-17,2022-02-17 06:32:08,640.0,2,1
2022-02-17,2022-02-17 07:15:46,2880.0,2,1
2022-02-17,2022-02-17 09:15:34,1600.0,2,1
2022-02-17,2022-02-17 09:28:09,1320.0,2,1
2022-02-17,2022-02-17 10:44:41,5460.0,2,1
2022-02-17,2022-02-17 10:47:57,840.0,2,1
2022-02-17,2022-02-17 10:54:59,1760.0,2,1
2022-02-17,2022-02-17 11:08:07,540.0,2,1
2022-02-17,2022-02-17 12:03:35,880.0,2,1
2022-02-17,2022-02-17 16:16:30,120.0,2,1
2022-02-18,2022-02-18 01:20:56,9320.0,2,1
2022-02-18,2022-02-18 01:29:21,8820.0,2,1
2022-02-18,2022-02-18 01:49:09,10480.0,2,1
2022-02-18,2022-02-18 04:36:12,8260.0,2,1
2022-02-18,2022-02-18 04:40:48,6860.0,2,1
2022-02-18,2022-02-18 04:43:15,8160.0,2,1
2022-02-18,2022-02-18 06:20:04,1220.0,2,1
2022-02-18,2022-02-18 08:30:56,1060.0,2,1
2022-02-18,2022-02-18 09:30:17,260.0,2,1
2022-02-18,2022-02-18 10:30:11,560.0,2,1
2022-02-18,2022-02-18 10:40:59,5220.0,2,1
2022-02-18,2022-02-18 10:52:09,2400.0,2,1
2022-02-18,2022-02-18 16:13:16,160.0,2,1
2022-02-19,2022-02-19 01:03:54,10760.0,2,1
2022-02-19,2022-02-19 01:12:15,9640.0,2,1
2022-02-19,2022-02-19 01:12:51,10240.0,2,1
2022-02-19,2022-02-19 04:17:09,6980.0,2,1
2022-02-19,2022-02-19 04:25:16,8720.0,2,1
2022-02-19,2022-02-19 04:25:51,8720.0,2,1
2022-02-19,2022-02-19 06:35:57,600.0,2,1
2022-02-19,2022-02-19 07:15:12,2740.0,2,1
2022-02-19,2022-02-19 08:50:02,1180.0,2,1
2022-02-19,2022-02-19 10:32:41,1600.0,2,1
2022-02-19,2022-02-19 10:52:02,5240.0,2,1
2022-02-19,2022-02-19 11:12:12,2000.0,2,1
2022-02-19,2022-02-19 12:29:13,1080.0,2,1
2022-02-20,2022-02-20 01:06:10,10440.0,2,1
2022-02-20,2022-02-20 01:14:05,9120.0,2,1
2022-02-20,2022-02-20 01:21:14,9300.0,2,1
2022-02-20,2022-02-20 04:29:35,9220.0,2,1
2022-02-20,2022-02-20 04:37:02,7160.0,2,1
2022-02-20,2022-02-20 04:38:44,7160.0,2,1
2022-02-21,2022-02-21 01:17:18,8960.0,2,1
2022-02-21,2022-02-21 01:23:12,8180.0,2,1
2022-02-21,2022-02-21 01:40:51,9800.0,2,1
2022-02-21,2022-02-21 04:41:47,7640.0,2,1
2022-02-21,2022-02-21 04:43:47,7120.0,2,1
2022-02-21,2022-02-21 04:45:59,6180.0,2,1
2022-02-21,2022-02-21 06:37:02,1440.0,2,1
2022-02-21,2022-02-21 07:20:33,1580.0,2,1
2022-02-21,2022-02-21 09:05:31,4000.0,2,1
2022-02-21,2022-02-21 10:34:34,320.0,2,1
2022-02-21,2022-02-21 10:44:58,4200.0,2,1
2022-02-21,2022-02-21 10:54:22,3140.0,2,1
2022-02-21,2022-02-21 10:57:55,960.0,2,1
2022-02-21,2022-02-21 16:15:01,120.0,2,1
2022-02-22,2022-02-22 01:15:37,9700.0,2,1
2022-02-22,2022-02-22 01:17:40,10680.0,2,1
2022-02-22,2022-02-22 01:18:13,10920.0,2,1
2022-02-22,2022-02-22 04:29:03,6360.0,2,1
2022-02-22,2022-02-22 04:33:05,7760.0,2,1
2022-02-22,2022-02-22 04:41:35,9460.0,2,1
2022-02-22,2022-02-22 06:36:01,920.0,2,1
2022-02-22,2022-02-22 07:16:18,2860.0,2,1
2022-02-22,2022-02-22 09:05:58,1740.0,2,1
2022-02-22,2022-02-22 10:40:31,1020.0,2,1
2022-02-22,2022-02-22 10:46:34,1920.0,2,1
2022-02-22,2022-02-22 10:47:09,5100.0,2,1
2022-02-22,2022-02-22 16:18:02,420.0,2,1
2022-02-23,2022-02-23 01:20:38,9140.0,2,1
2022-02-23,2022-02-23 01:35:35,10860.0,2,1
2022-02-23,2022-02-23 01:52:29,9120.0,2,1
2022-02-23,2022-02-23 04:50:01,6140.0,2,1
2022-02-23,2022-02-23 04:51:57,7800.0,2,1
2022-02-23,2022-02-23 04:53:24,9560.0,2,1
2022-02-23,2022-02-23 06:36:07,760.0,2,1
2022-02-23,2022-02-23 07:18:38,1620.0,2,1
2022-02-23,2022-02-23 09:25:01,60.0,2,1
2022-02-23,2022-02-23 10:34:37,1200.0,2,1
2022-02-23,2022-02-23 10:50:38,4840.0,2,1
2022-02-23,2022-02-23 10:53:52,2700.0,2,1
2022-02-23,2022-02-23 16:20:13,500.0,2,1
2022-02-24,2022-02-24 01:14:11,8560.0,2,1
2022-02-24,2022-02-24 01:20:33,10320.0,2,1
2022-02-24,2022-02-24 01:31:27,9600.0,2,1
2022-02-24,2022-02-24 04:37:57,8580.0,2,1
2022-02-24,2022-02-24 04:38:24,7140.0,2,1
2022-02-24,2022-02-24 04:38:57,6380.0,2,1
2022-02-24,2022-02-24 06:40:10,720.0,2,1
2022-02-24,2022-02-24 07:26:25,2680.0,2,1
2022-02-24,2022-02-24 09:30:12,1700.0,2,1
2022-02-24,2022-02-24 10:36:00,700.0,2,1
2022-02-24,2022-02-24 10:55:26,1840.0,2,1
2022-02-24,2022-02-24 10:56:01,4880.0,2,1
2022-02-25,2022-02-25 01:18:05,8740.0,2,1
2022-02-25,2022-02-25 01:33:28,10120.0,2,1
2022-02-25,2022-02-25 01:50:59,9240.0,2,1
2022-02-25,2022-02-25 04:51:51,6280.0,2,1
2022-02-25,2022-02-25 04:52:25,7220.0,2,1
2022-02-25,2022-02-25 04:53:44,8800.0,2,1
2022-02-25,2022-02-25 06:33:38,860.0,2,1
2022-02-25,2022-02-25 07:18:25,1240.0,2,1
2022-02-25,2022-02-25 09:47:09,60.0,2,1
2022-02-25,2022-02-25 10:36:55,1300.0,2,1
2022-02-25,2022-02-25 10:56:17,1660.0,2,1
2022-02-25,2022-02-25 11:09:09,5940.0,2,1
2022-02-25,2022-02-25 16:11:40,560.0,2,1
2022-02-26,2022-02-26 01:25:43,9820.0,2,1
2022-02-26,2022-02-26 01:32:10,9660.0,2,1
2022-02-26,2022-02-26 02:04:36,11720.0,2,1
2022-02-26,2022-02-26 04:47:30,7720.0,2,1
2022-02-26,2022-02-26 04:48:02,8600.0,2,1
2022-02-26,2022-02-26 04:48:39,7700.0,2,1
2022-02-26,2022-02-26 06:31:47,4240.0,2,1
2022-02-26,2022-02-26 07:22:22,2720.0,2,1
2022-02-26,2022-02-26 09:01:49,1500.0,2,1
2022-02-26,2022-02-26 11:20:45,2380.0,2,1
2022-02-26,2022-02-26 11:36:28,5520.0,2,1
2022-02-26,2022-02-26 12:06:34,1160.0,2,1
2022-02-27,2022-02-27 01:13:07,11120.0,2,1
2022-02-27,2022-02-27 01:22:31,9280.0,2,1
2022-02-27,2022-02-27 04:20:39,12240.0,2,1
2022-02-27,2022-02-27 04:37:53,9640.0,2,1
2022-02-27,2022-02-27 04:38:40,8100.0,2,1
2022-02-28,2022-02-28 01:07:40,7680.0,2,1
2022-02-28,2022-02-28 01:38:16,9260.0,2,1
2022-02-28,2022-02-28 01:43:00,7340.0,2,1
2022-02-28,2022-02-28 04:36:43,5560.0,2,1
2022-02-28,2022-02-28 04:39:27,7560.0,2,1
2022-02-28,2022-02-28 04:40:13,7980.0,2,1
2022-02-28,2022-02-28 06:37:10,1620.0,2,1
2022-02-28,2022-02-28 07:18:58,1580.0,2,1
2022-02-28,2022-02-28 08:50:38,3340.0,2,1
2022-02-28,2022-02-28 09:49:36,300.0,2,1
2022-02-28,2022-02-28 10:47:54,660.0,2,1
2022-02-28,2022-02-28 10:48:36,4140.0,2,1
2022-02-28,2022-02-28 10:55:12,3080.0,2,1
2022-03-01,2022-03-01 01:13:08,9920.0,2,1
2022-03-01,2022-03-01 01:16:47,9920.0,2,1
2022-03-01,2022-03-01 01:24:35,8980.0,2,1
2022-03-01,2022-03-01 04:31:50,9580.0,2,1
2022-03-01,2022-03-01 04:40:09,6560.0,2,1
2022-03-01,2022-03-01 04:41:16,9000.0,2,1
2022-03-01,2022-03-01 06:34:57,1580.0,2,1
2022-03-01,2022-03-01 07:11:12,2860.0,2,1
2022-03-01,2022-03-01 09:10:35,1740.0,2,1
2022-03-01,2022-03-01 10:30:48,4840.0,2,1
2022-03-01,2022-03-01 10:39:10,920.0,2,1
2022-03-01,2022-03-01 11:05:57,2480.0,2,1
2022-03-01,2022-03-01 16:25:32,680.0,2,1
2022-03-02,2022-03-02 01:21:17,10320.0,2,1
2022-03-02,2022-03-02 01:22:33,9740.0,2,1
2022-03-02,2022-03-02 01:29:04,8340.0,2,1
2022-03-02,2022-03-02 04:33:22,5600.0,2,1
2022-03-02,2022-03-02 04:36:39,7300.0,2,1
2022-03-02,2022-03-02 04:39:10,9160.0,2,1
2022-03-02,2022-03-02 06:26:36,480.0,2,1
2022-03-02,2022-03-02 07:10:02,1560.0,2,1
2022-03-02,2022-03-02 08:56:09,140.0,2,1
2022-03-02,2022-03-02 09:41:42,1880.0,2,1
2022-03-02,2022-03-02 10:38:08,1020.0,2,1
2022-03-02,2022-03-02 10:53:26,2120.0,2,1
2022-03-02,2022-03-02 11:33:18,5700.0,2,1
2022-03-02,2022-03-02 16:24:26,520.0,2,1
2022-03-03,2022-03-03 01:04:01,9760.0,2,1
2022-03-03,2022-03-03 01:15:23,9560.0,2,1
2022-03-03,2022-03-03 01:27:04,10640.0,2,1
2022-03-03,2022-03-03 04:25:07,6100.0,2,1
2022-03-03,2022-03-03 04:34:12,8280.0,2,1
2022-03-03,2022-03-03 06:28:46,720.0,2,1
2022-03-03,2022-03-03 07:08:09,2860.0,2,1
2022-03-03,2022-03-03 09:10:55,1640.0,2,1
2022-03-03,2022-03-03 10:27:07,1020.0,2,1
2022-03-03,2022-03-03 10:50:03,4960.0,2,1
2022-03-03,2022-03-03 10:52:26,2120.0,2,1
2022-03-04,2022-03-04 00:57:27,9640.0,2,1
2022-03-04,2022-03-04 01:09:07,8480.0,2,1
2022-03-04,2022-03-04 01:14:28,10180.0,2,1
2022-03-04,2022-03-04 04:21:56,6880.0,2,1
2022-03-04,2022-03-04 04:26:58,6860.0,2,1
2022-03-04,2022-03-04 04:27:37,9060.0,2,1
2022-03-04,2022-03-04 06:25:16,1060.0,2,1
2022-03-04,2022-03-04 07:10:14,1280.0,2,1
2022-03-04,2022-03-04 08:53:48,3560.0,2,1
2022-03-04,2022-03-04 09:54:52,760.0,2,1
2022-03-04,2022-03-04 10:30:55,1100.0,2,1
2022-03-04,2022-03-04 10:31:41,4860.0,2,1
2022-03-04,2022-03-04 10:33:53,220.0,2,1
2022-03-04,2022-03-04 11:09:18,2180.0,2,1
2022-03-04,2022-03-04 12:28:41,4640.0,2,1
2022-03-04,2022-03-04 16:15:08,380.0,2,1
2022-03-04,2022-03-04 22:05:29,8100.0,2,1
2022-03-05,2022-03-05 01:12:27,11520.0,2,1
2022-03-05,2022-03-05 01:14:31,10740.0,2,1
2022-03-05,2022-03-05 01:34:26,10440.0,2,1
2022-03-05,2022-03-05 04:35:56,7380.0,2,1
2022-03-05,2022-03-05 04:40:56,8620.0,2,1
2022-03-05,2022-03-05 04:41:45,11380.0,2,1
2022-03-05,2022-03-05 06:31:15,660.0,2,1
2022-03-05,2022-03-05 07:07:25,3100.0,2,1
2022-03-05,2022-03-05 08:16:02,960.0,2,1
2022-03-05,2022-03-05 09:17:22,1400.0,2,1
2022-03-05,2022-03-05 10:58:12,1400.0,2,1
2022-03-05,2022-03-05 11:10:37,5900.0,2,1
2022-03-05,2022-03-05 11:45:33,260.0,2,1
2022-03-06,2022-03-06 01:06:23,9160.0,2,1
2022-03-06,2022-03-06 01:07:19,9040.0,2,1
2022-03-06,2022-03-06 01:26:16,9660.0,2,1
2022-03-06,2022-03-06 04:45:00,7900.0,2,1
2022-03-06,2022-03-06 04:46:43,8560.0,2,1
2022-03-06,2022-03-06 04:49:32,9340.0,2,1
2022-03-07,2022-03-07 01:01:29,8140.0,2,1
2022-03-07,2022-03-07 01:06:12,8140.0,2,1
2022-03-07,2022-03-07 01:51:12,8100.0,2,1
2022-03-07,2022-03-07 04:43:09,7020.0,2,1
2022-03-07,2022-03-07 04:58:29,7680.0,2,1
2022-03-07,2022-03-07 04:58:56,6860.0,2,1
2022-03-07,2022-03-07 06:33:50,1460.0,2,1
2022-03-07,2022-03-07 07:15:34,1580.0,2,1
2022-03-07,2022-03-07 08:47:22,460.0,2,1
2022-03-07,2022-03-07 10:50:05,4400.0,2,1
2022-03-07,2022-03-07 10:52:34,1940.0,2,1
2022-03-07,2022-03-07 11:11:07,3220.0,2,1
2022-03-08,2022-03-08 01:06:29,9400.0,2,1
2022-03-08,2022-03-08 01:13:22,10260.0,2,1
2022-03-08,2022-03-08 01:28:06,10000.0,2,1
2022-03-08,2022-03-08 04:41:18,7980.0,2,1
2022-03-08,2022-03-08 04:41:51,7280.0,2,1
2022-03-08,2022-03-08 04:45:29,8740.0,2,1
2022-03-08,2022-03-08 06:32:51,960.0,2,1
2022-03-08,2022-03-08 07:09:55,3180.0,2,1
2022-03-08,2022-03-08 08:56:37,1060.0,2,1
2022-03-08,2022-03-08 09:43:03,2440.0,2,1
2022-03-08,2022-03-08 10:54:27,4700.0,2,1
2022-03-08,2022-03-08 11:10:05,2840.0,2,1
2022-03-08,2022-03-08 16:17:23,480.0,2,1
2022-03-09,2022-03-09 01:16:55,9000.0,2,1
2022-03-09,2022-03-09 01:18:38,9480.0,2,1
2022-03-09,2022-03-09 01:36:28,8600.0,2,1
2022-03-09,2022-03-09 04:50:30,7840.0,2,1
2022-03-09,2022-03-09 04:53:03,6580.0,2,1
2022-03-09,2022-03-09 04:56:48,9220.0,2,1
2022-03-09,2022-03-09 06:28:04,780.0,2,1
2022-03-09,2022-03-09 07:10:19,1540.0,2,1
2022-03-09,2022-03-09 08:38:00,3900.0,2,1
2022-03-09,2022-03-09 09:35:48,120.0,2,1
2022-03-09,2022-03-09 10:35:15,1760.0,2,1
2022-03-09,2022-03-09 10:36:11,180.0,2,1
2022-03-09,2022-03-09 10:36:58,5020.0,2,1
2022-03-09,2022-03-09 10:57:08,2060.0,2,1
2022-03-09,2022-03-09 16:31:07,420.0,2,1
2022-03-10,2022-03-10 01:10:46,10200.0,2,1
2022-03-10,2022-03-10 01:12:28,8740.0,2,1
2022-03-10,2022-03-10 01:26:44,9120.0,2,1
2022-03-10,2022-03-10 04:34:36,7720.0,2,1
2022-03-10,2022-03-10 04:37:25,7800.0,2,1
2022-03-10,2022-03-10 04:38:43,7440.0,2,1
2022-03-10,2022-03-10 06:28:57,700.0,2,1
2022-03-10,2022-03-10 07:09:09,2820.0,2,1
2022-03-10,2022-03-10 07:28:05,1200.0,2,1
2022-03-10,2022-03-10 09:03:18,2120.0,2,1
2022-03-10,2022-03-10 10:22:47,2880.0,2,1
2022-03-10,2022-03-10 10:50:16,2320.0,2,1
2022-03-10,2022-03-10 10:52:17,3800.0,2,1
2022-03-11,2022-03-11 01:05:41,9060.0,2,1
2022-03-11,2022-03-11 01:19:30,9320.0,2,1
2022-03-11,2022-03-11 01:26:29,9080.0,2,1
2022-03-11,2022-03-11 04:33:09,7060.0,2,1
2022-03-11,2022-03-11 04:45:31,7760.0,2,1
2022-03-11,2022-03-11 04:49:19,8720.0,2,1
2022-03-11,2022-03-11 06:34:03,1100.0,2,1
2022-03-11,2022-03-11 07:15:59,1320.0,2,1
2022-03-11,2022-03-11 09:05:53,200.0,2,1
2022-03-11,2022-03-11 10:16:39,1680.0,2,1
2022-03-11,2022-03-11 10:53:53,1860.0,2,1
2022-03-11,2022-03-11 11:03:53,5400.0,2,1
2022-03-11,2022-03-11 16:20:19,460.0,2,1
2022-03-12,2022-03-12 01:04:52,8940.0,2,1
2022-03-12,2022-03-12 01:16:36,10120.0,2,1
2022-03-12,2022-03-12 01:37:45,10700.0,2,1
2022-03-12,2022-03-12 04:32:37,10000.0,2,1
2022-03-12,2022-03-12 04:36:40,8200.0,2,1
2022-03-12,2022-03-12 04:43:55,8520.0,2,1
2022-03-12,2022-03-12 06:40:17,800.0,2,1
2022-03-12,2022-03-12 07:37:58,2960.0,2,1
2022-03-12,2022-03-12 09:14:48,1720.0,2,1
2022-03-12,2022-03-12 10:50:18,5740.0,2,1
2022-03-12,2022-03-12 11:14:34,2640.0,2,1
2022-03-12,2022-03-12 11:59:06,1300.0,2,1
2022-03-13,2022-03-13 00:59:55,9240.0,2,1
2022-03-13,2022-03-13 01:00:42,8260.0,2,1
2022-03-13,2022-03-13 01:02:06,10600.0,2,1
2022-03-13,2022-03-13 04:24:46,7660.0,2,1
2022-03-13,2022-03-13 04:30:18,9520.0,2,1
2022-03-13,2022-03-13 04:34:20,8400.0,2,1
2022-03-14,2022-03-14 01:05:22,8640.0,2,1
2022-03-14,2022-03-14 01:06:04,7820.0,2,1
2022-03-14,2022-03-14 01:41:04,9540.0,2,1
2022-03-14,2022-03-14 04:28:56,6980.0,2,1
2022-03-14,2022-03-14 04:29:30,8080.0,2,1
2022-03-14,2022-03-14 04:30:03,7060.0,2,1
2022-03-14,2022-03-14 06:31:15,1720.0,2,1
2022-03-14,2022-03-14 07:23:38,1480.0,2,1
2022-03-14,2022-03-14 08:36:00,3360.0,2,1
2022-03-14,2022-03-14 09:39:34,2140.0,2,1
2022-03-14,2022-03-14 09:40:29,80.0,2,1
2022-03-14,2022-03-14 10:46:37,4180.0,2,1
2022-03-14,2022-03-14 11:02:34,2920.0,2,1
2022-03-15,2022-03-15 01:03:01,9860.0,2,1
2022-03-15,2022-03-15 01:04:21,9620.0,2,1
2022-03-15,2022-03-15 01:33:31,9520.0,2,1
2022-03-15,2022-03-15 04:28:08,5900.0,2,1
2022-03-15,2022-03-15 04:31:23,7860.0,2,1
2022-03-15,2022-03-15 04:31:57,8840.0,2,1
2022-03-15,2022-03-15 06:29:19,860.0,2,1
2022-03-15,2022-03-15 07:10:09,3080.0,2,1
2022-03-15,2022-03-15 08:48:33,1280.0,2,1
2022-03-15,2022-03-15 10:39:57,740.0,2,1
2022-03-15,2022-03-15 10:48:07,4680.0,2,1
2022-03-15,2022-03-15 10:56:47,2460.0,2,1
2022-03-15,2022-03-15 16:30:31,460.0,2,1
2022-03-16,2022-03-16 01:00:02,8500.0,2,1
2022-03-16,2022-03-16 01:15:12,11000.0,2,1
2022-03-16,2022-03-16 01:23:57,9060.0,2,1
2022-03-16,2022-03-16 04:31:46,8680.0,2,1
2022-03-16,2022-03-16 04:32:15,7680.0,2,1
2022-03-16,2022-03-16 04:38:06,7880.0,2,1
2022-03-16,2022-03-16 06:29:29,820.0,2,1
2022-03-16,2022-03-16 07:13:00,1500.0,2,1
2022-03-16,2022-03-16 08:36:07,120.0,2,1
2022-03-16,2022-03-16 10:42:52,5660.0,2,1
2022-03-16,2022-03-16 10:47:43,940.0,2,1
2022-03-16,2022-03-16 10:50:42,2000.0,2,1
2022-03-16,2022-03-16 16:17:55,340.0,2,1
2022-03-17,2022-03-17 01:11:52,10220.0,2,1
2022-03-17,2022-03-17 01:12:40,10140.0,2,1
2022-03-17,2022-03-17 01:14:15,9020.0,2,1
2022-03-17,2022-03-17 04:17:52,8640.0,2,1
2022-03-17,2022-03-17 04:27:09,6320.0,2,1
2022-03-17,2022-03-17 04:30:49,6780.0,2,1
2022-03-17,2022-03-17 06:32:21,2900.0,2,1
2022-03-17,2022-03-17 08:32:49,2420.0,2,1
2022-03-17,2022-03-17 09:31:37,1540.0,2,1
2022-03-17,2022-03-17 10:26:37,1200.0,2,1
2022-03-17,2022-03-17 10:51:15,5120.0,2,1
2022-03-17,2022-03-17 10:59:20,1440.0,2,1
2022-03-17,2022-03-17 16:13:44,200.0,2,1
2022-03-18,2022-03-18 01:17:22,9020.0,2,1
2022-03-18,2022-03-18 01:19:01,10580.0,2,1
2022-03-18,2022-03-18 01:35:14,8240.0,2,1
2022-03-18,2022-03-18 04:38:00,8180.0,2,1
2022-03-18,2022-03-18 04:40:28,7840.0,2,1
2022-03-18,2022-03-18 04:46:26,7240.0,2,1
2022-03-18,2022-03-18 06:25:47,1020.0,2,1
2022-03-18,2022-03-18 08:15:46,1600.0,2,1
2022-03-18,2022-03-18 09:42:00,80.0,2,1
2022-03-18,2022-03-18 10:34:41,760.0,2,1
2022-03-18,2022-03-18 10:47:02,4860.0,2,1
2022-03-18,2022-03-18 10:47:25,1980.0,2,1
2022-03-18,2022-03-18 16:28:42,140.0,2,1
2022-03-19,2022-03-19 00:53:28,10640.0,2,1
2022-03-19,2022-03-19 01:18:35,11420.0,2,1
2022-03-19,2022-03-19 01:25:26,9400.0,2,1
2022-03-19,2022-03-19 04:31:43,7400.0,2,1
2022-03-19,2022-03-19 04:32:13,8900.0,2,1
2022-03-19,2022-03-19 04:32:47,9700.0,2,1
2022-03-19,2022-03-19 06:35:25,1480.0,2,1
2022-03-19,2022-03-19 07:17:21,2920.0,2,1
2022-03-19,2022-03-19 09:19:38,1420.0,2,1
2022-03-19,2022-03-19 10:50:27,5720.0,2,1
2022-03-19,2022-03-19 11:03:30,2280.0,2,1
2022-03-19,2022-03-19 11:36:42,1000.0,2,1
2022-03-20,2022-03-20 01:00:36,10680.0,2,1
2022-03-20,2022-03-20 01:01:05,8960.0,2,1
2022-03-20,2022-03-20 01:15:56,8900.0,2,1
2022-03-20,2022-03-20 04:23:26,9480.0,2,1
2022-03-20,2022-03-20 04:28:30,7760.0,2,1
2022-03-20,2022-03-20 04:32:06,6880.0,2,1
2022-03-21,2022-03-21 01:15:58,8300.0,2,1
2022-03-21,2022-03-21 01:28:54,8680.0,2,1
2022-03-21,2022-03-21 04:37:17,5720.0,2,1
2022-03-21,2022-03-21 04:38:28,7540.0,2,1
2022-03-21,2022-03-21 04:39:11,9000.0,2,1
2022-03-21,2022-03-21 06:22:53,3360.0,2,1
2022-03-21,2022-03-21 07:16:35,1440.0,2,1
2022-03-21,2022-03-21 08:29:05,1780.0,2,1
2022-03-21,2022-03-21 09:42:59,60.0,2,1
2022-03-21,2022-03-21 10:36:36,3920.0,2,1
2022-03-21,2022-03-21 10:38:51,1020.0,2,1
2022-03-21,2022-03-21 10:43:38,2980.0,2,1
2022-03-21,2022-03-21 16:08:02,100.0,2,1
2022-03-21,2022-03-21 22:03:43,7740.0,2,1
2022-03-22,2022-03-22 01:04:22,8860.0,2,1
2022-03-22,2022-03-22 01:33:13,10020.0,2,1
2022-03-22,2022-03-22 01:35:22,10080.0,2,1
2022-03-22,2022-03-22 04:38:28,8720.0,2,1
2022-03-22,2022-03-22 04:39:04,6460.0,2,1
2022-03-22,2022-03-22 04:44:57,7100.0,2,1
2022-03-22,2022-03-22 06:23:56,920.0,2,1
2022-03-22,2022-03-22 08:36:35,3300.0,2,1
2022-03-22,2022-03-22 09:29:31,1020.0,2,1
2022-03-22,2022-03-22 10:26:26,2100.0,2,1
2022-03-22,2022-03-22 10:46:20,5280.0,2,1
2022-03-22,2022-03-22 11:11:57,2060.0,2,1
2022-03-22,2022-03-22 16:15:20,140.0,2,1
2022-03-23,2022-03-23 01:20:14,9520.0,2,1
2022-03-23,2022-03-23 01:20:50,8740.0,2,1
2022-03-23,2022-03-23 01:54:33,8680.0,2,1
2022-03-23,2022-03-23 04:42:00,7680.0,2,1
2022-03-23,2022-03-23 04:42:28,10140.0,2,1
2022-03-23,2022-03-23 04:42:59,5540.0,2,1
2022-03-23,2022-03-23 06:32:38,840.0,2,1
2022-03-23,2022-03-23 07:17:10,1200.0,2,1
2022-03-23,2022-03-23 09:08:38,140.0,2,1
2022-03-23,2022-03-23 10:34:50,680.0,2,1
2022-03-23,2022-03-23 10:52:59,2240.0,2,1
2022-03-23,2022-03-23 10:59:45,4080.0,2,1
2022-03-23,2022-03-23 16:09:39,320.0,2,1
2022-03-24,2022-03-24 01:07:43,11700.0,2,1
2022-03-24,2022-03-24 01:17:06,10060.0,2,1
2022-03-24,2022-03-24 01:21:24,10340.0,2,1
2022-03-24,2022-03-24 04:25:02,8200.0,2,1
2022-03-24,2022-03-24 04:25:33,5860.0,2,1
2022-03-24,2022-03-24 04:28:29,9360.0,2,1
2022-03-24,2022-03-24 06:24:54,3340.0,2,1
2022-03-24,2022-03-24 07:28:27,3020.0,2,1
2022-03-24,2022-03-24 09:19:00,1720.0,2,1
2022-03-24,2022-03-24 10:43:23,1120.0,2,1
2022-03-24,2022-03-24 10:56:11,5340.0,2,1
2022-03-24,2022-03-24 10:58:52,1880.0,2,1
2022-03-25,2022-03-25 01:22:23,9240.0,2,1
2022-03-25,2022-03-25 01:24:14,10380.0,2,1
2022-03-25,2022-03-25 01:53:57,7960.0,2,1
2022-03-25,2022-03-25 04:41:19,9820.0,2,1
2022-03-25,2022-03-25 04:49:26,7000.0,2,1
2022-03-25,2022-03-25 04:50:26,6560.0,2,1
2022-03-25,2022-03-25 06:24:18,980.0,2,1
2022-03-25,2022-03-25 07:15:13,1320.0,2,1
2022-03-25,2022-03-25 08:46:54,180.0,2,1
2022-03-25,2022-03-25 10:42:51,5320.0,2,1
2022-03-25,2022-03-25 10:51:14,800.0,2,1
2022-03-25,2022-03-25 10:56:05,1960.0,2,1
2022-03-25,2022-03-25 16:09:38,480.0,2,1
2022-03-26,2022-03-26 01:08:07,9520.0,2,1
2022-03-26,2022-03-26 01:11:20,9500.0,2,1
2022-03-26,2022-03-26 01:24:34,10160.0,2,1
2022-03-26,2022-03-26 04:16:44,9080.0,2,1
2022-03-26,2022-03-26 04:21:15,8840.0,2,1
2022-03-26,2022-03-26 04:21:51,7200.0,2,1
2022-03-26,2022-03-26 06:32:31,1480.0,2,1
2022-03-26,2022-03-26 07:13:01,3000.0,2,1
2022-03-26,2022-03-26 09:14:29,1460.0,2,1
2022-03-26,2022-03-26 10:52:23,5160.0,2,1
2022-03-26,2022-03-26 11:25:14,2040.0,2,1
2022-03-26,2022-03-26 11:48:00,1140.0,2,1
2022-03-27,2022-03-27 00:56:55,10620.0,2,1
2022-03-27,2022-03-27 01:05:38,9240.0,2,1
2022-03-27,2022-03-27 01:19:56,9040.0,2,1
2022-03-27,2022-03-27 05:23:07,9460.0,2,1
2022-03-27,2022-03-27 05:26:18,8020.0,2,1
2022-03-27,2022-03-27 05:26:55,7000.0,2,1
2022-03-28,2022-03-28 01:12:15,7740.0,2,1
2022-03-28,2022-03-28 01:18:53,8240.0,2,1
2022-03-28,2022-03-28 01:19:51,8920.0,2,1
2022-03-28,2022-03-28 04:28:03,8640.0,2,1
2022-03-28,2022-03-28 04:30:25,6420.0,2,1
2022-03-28,2022-03-28 04:30:59,5820.0,2,1
2022-03-28,2022-03-28 06:22:11,1420.0,2,1
2022-03-28,2022-03-28 08:07:14,1520.0,2,1
2022-03-28,2022-03-28 09:16:31,120.0,2,1
2022-03-28,2022-03-28 10:42:09,4020.0,2,1
2022-03-28,2022-03-28 10:46:34,960.0,2,1
2022-03-28,2022-03-28 10:48:43,3660.0,2,1
2022-03-29,2022-03-29 01:02:56,9720.0,2,1
2022-03-29,2022-03-29 01:05:17,9240.0,2,1
2022-03-29,2022-03-29 01:11:25,10580.0,2,1
2022-03-29,2022-03-29 04:28:33,9280.0,2,1
2022-03-29,2022-03-29 04:29:10,6700.0,2,1
2022-03-29,2022-03-29 04:30:49,8840.0,2,1
2022-03-29,2022-03-29 06:25:33,900.0,2,1
2022-03-29,2022-03-29 07:04:55,3180.0,2,1
2022-03-29,2022-03-29 08:34:37,4680.0,2,1
2022-03-29,2022-03-29 09:39:54,780.0,2,1
2022-03-29,2022-03-29 10:31:57,1340.0,2,1
2022-03-29,2022-03-29 10:51:39,4340.0,2,1
2022-03-29,2022-03-29 11:15:05,2640.0,2,1
2022-03-29,2022-03-29 16:18:40,380.0,2,1
2022-03-30,2022-03-30 00:58:09,7600.0,2,1
2022-03-30,2022-03-30 01:19:51,9380.0,2,1
2022-03-30,2022-03-30 01:41:51,8220.0,2,1
2022-03-30,2022-03-30 04:38:59,5500.0,2,1
2022-03-30,2022-03-30 04:42:49,9120.0,2,1
2022-03-30,2022-03-30 04:43:51,8520.0,2,1
2022-03-30,2022-03-30 06:25:21,860.0,2,1
2022-03-30,2022-03-30 07:10:56,1560.0,2,1
2022-03-30,2022-03-30 09:12:57,120.0,2,1
2022-03-30,2022-03-30 10:33:31,1420.0,2,1
2022-03-30,2022-03-30 10:49:05,5200.0,2,1
2022-03-30,2022-03-30 10:56:48,1960.0,2,1
2022-03-30,2022-03-30 16:25:28,300.0,2,1
2022-03-31,2022-03-31 01:04:25,9580.0,2,1
2022-03-31,2022-03-31 01:10:08,9080.0,2,1
2022-03-31,2022-03-31 01:25:39,10680.0,2,1
2022-03-31,2022-03-31 04:20:20,7660.0,2,1
2022-03-31,2022-03-31 04:21:14,6420.0,2,1
2022-03-31,2022-03-31 04:25:55,9460.0,2,1
2022-03-31,2022-03-31 06:26:51,780.0,2,1
2022-03-31,2022-03-31 07:07:11,3440.0,2,1
2022-03-31,2022-03-31 09:22:58,1520.0,2,1
2022-03-31,2022-03-31 10:34:00,860.0,2,1
2022-03-31,2022-03-31 10:43:55,5240.0,2,1
2022-03-31,2022-03-31 11:04:03,1940.0,2,1
2022-03-31,2022-03-31 16:18:25,140.0,2,1
2022-04-01,2022-04-01 01:11:59,8800.0,2,1
2022-04-01,2022-04-01 01:19:27,10340.0,2,1
2022-04-01,2022-04-01 01:42:30,8380.0,2,1
2022-04-01,2022-04-01 04:28:22,7680.0,2,1
2022-04-01,2022-04-01 04:31:41,8720.0,2,1
2022-04-01,2022-04-01 04:44:42,7500.0,2,1
2022-04-01,2022-04-01 06:33:21,940.0,2,1
2022-04-01,2022-04-01 07:14:23,1300.0,2,1
2022-04-01,2022-04-01 08:34:40,80.0,2,1
2022-04-01,2022-04-01 10:24:38,760.0,2,1
2022-04-01,2022-04-01 10:54:02,2180.0,2,1
2022-04-01,2022-04-01 10:55:56,4440.0,2,1
2022-04-02,2022-04-02 01:13:03,9960.0,2,1
2022-04-02,2022-04-02 01:24:22,10680.0,2,1
2022-04-02,2022-04-02 01:28:42,9620.0,2,1
2022-04-02,2022-04-02 04:36:54,7360.0,2,1
2022-04-02,2022-04-02 04:39:34,9520.0,2,1
2022-04-02,2022-04-02 04:44:11,8880.0,2,1
2022-04-02,2022-04-02 06:28:45,700.0,2,1
2022-04-02,2022-04-02 07:05:51,3000.0,2,1
2022-04-02,2022-04-02 08:48:44,3060.0,2,1
2022-04-02,2022-04-02 10:21:06,1560.0,2,1
2022-04-02,2022-04-02 11:27:34,2660.0,2,1
2022-04-02,2022-04-02 11:35:52,5540.0,2,1
2022-04-02,2022-04-02 12:05:23,300.0,2,1
2022-04-03,2022-04-03 00:57:41,9020.0,2,1
2022-04-03,2022-04-03 01:21:49,9740.0,2,1
2022-04-03,2022-04-03 01:30:28,8700.0,2,1
2022-04-03,2022-04-03 04:42:31,9040.0,2,1
2022-04-03,2022-04-03 04:43:01,7900.0,2,1
2022-04-03,2022-04-03 04:44:10,8780.0,2,1
2022-04-04,2022-04-04 01:01:25,7680.0,2,1
2022-04-04,2022-04-04 01:28:11,8080.0,2,1
2022-04-04,2022-04-04 01:50:02,8340.0,2,1
2022-04-04,2022-04-04 04:55:13,8060.0,2,1
2022-04-04,2022-04-04 04:56:21,6700.0,2,1
2022-04-04,2022-04-04 04:56:44,7480.0,2,1
2022-04-04,2022-04-04 06:32:44,1540.0,2,1
2022-04-04,2022-04-04 07:26:27,1520.0,2,1
2022-04-04,2022-04-04 09:01:43,180.0,2,1
2022-04-04,2022-04-04 10:57:58,3860.0,2,1
2022-04-04,2022-04-04 10:59:05,300.0,2,1
2022-04-04,2022-04-04 11:02:36,2820.0,2,1
2022-04-04,2022-04-04 16:05:50,340.0,2,1
2022-04-05,2022-04-05 01:00:41,10120.0,2,1
2022-04-05,2022-04-05 01:10:28,9300.0,2,1
2022-04-05,2022-04-05 01:13:24,9180.0,2,1
2022-04-05,2022-04-05 04:33:51,6280.0,2,1
2022-04-05,2022-04-05 04:35:35,8540.0,2,1
2022-04-05,2022-04-05 04:36:16,7920.0,2,1
2022-04-05,2022-04-05 06:47:43,1020.0,2,1
2022-04-05,2022-04-05 08:10:58,3060.0,2,1
2022-04-05,2022-04-05 09:40:34,920.0,2,1
2022-04-05,2022-04-05 10:44:25,280.0,2,1
2022-04-05,2022-04-05 10:44:59,4000.0,2,1
2022-04-05,2022-04-05 11:27:08,2240.0,2,1
2022-04-05,2022-04-05 16:22:21,320.0,2,1
2022-04-06,2022-04-06 01:07:09,8560.0,2,1
2022-04-06,2022-04-06 01:13:12,9460.0,2,1
2022-04-06,2022-04-06 01:41:58,8620.0,2,1
2022-04-06,2022-04-06 04:44:50,8100.0,2,1
2022-04-06,2022-04-06 04:45:35,5800.0,2,1
2022-04-06,2022-04-06 04:46:09,9560.0,2,1
2022-04-06,2022-04-06 06:31:16,760.0,2,1
2022-04-06,2022-04-06 08:09:11,1800.0,2,1
2022-04-06,2022-04-06 09:12:36,3500.0,2,1
2022-04-06,2022-04-06 10:49:26,320.0,2,1
2022-04-06,2022-04-06 10:50:38,4880.0,2,1
2022-04-06,2022-04-06 11:03:43,2220.0,2,1
2022-04-06,2022-04-06 16:22:58,440.0,2,1
2022-04-07,2022-04-07 01:04:16,10120.0,2,1
2022-04-07,2022-04-07 01:09:21,9120.0,2,1
2022-04-07,2022-04-07 01:22:42,9820.0,2,1
2022-04-07,2022-04-07 04:36:27,7900.0,2,1
2022-04-07,2022-04-07 04:37:12,6880.0,2,1
2022-04-07,2022-04-07 04:40:34,8960.0,2,1
2022-04-07,2022-04-07 06:38:45,700.0,2,1
2022-04-07,2022-04-07 07:17:18,2900.0,2,1
2022-04-07,2022-04-07 09:28:45,1580.0,2,1
2022-04-07,2022-04-07 10:48:36,5260.0,2,1
2022-04-07,2022-04-07 10:54:14,140.0,2,1
2022-04-07,2022-04-07 11:21:28,2060.0,2,1
2022-04-07,2022-04-07 16:12:23,680.0,2,1
2022-04-08,2022-04-08 01:05:54,9020.0,2,1
2022-04-08,2022-04-08 01:19:05,9680.0,2,1
2022-04-08,2022-04-08 01:27:21,8560.0,2,1
2022-04-08,2022-04-08 04:42:54,7720.0,2,1
2022-04-08,2022-04-08 04:45:38,6860.0,2,1
2022-04-08,2022-04-08 04:47:58,9880.0,2,1
2022-04-08,2022-04-08 06:28:39,1200.0,2,1
2022-04-08,2022-04-08 07:14:01,1000.0,2,1
2022-04-08,2022-04-08 08:49:16,340.0,2,1
2022-04-08,2022-04-08 10:42:11,340.0,2,1
2022-04-08,2022-04-08 10:47:25,4460.0,2,1
2022-04-08,2022-04-08 11:00:47,2320.0,2,1
2022-04-09,2022-04-09 01:04:52,9640.0,2,1
2022-04-09,2022-04-09 01:05:46,9220.0,2,1
2022-04-09,2022-04-09 01:18:02,11380.0,2,1
2022-04-09,2022-04-09 04:27:39,7880.0,2,1
2022-04-09,2022-04-09 04:30:24,7480.0,2,1
2022-04-09,2022-04-09 04:31:03,9820.0,2,1
2022-04-09,2022-04-09 06:28:02,700.0,2,1
2022-04-09,2022-04-09 07:15:39,2820.0,2,1
2022-04-09,2022-04-09 08:34:38,2720.0,2,1
2022-04-09,2022-04-09 09:38:25,1360.0,2,1
2022-04-09,2022-04-09 11:09:14,5720.0,2,1
2022-04-09,2022-04-09 11:24:48,3100.0,2,1
2022-04-10,2022-04-10 01:09:13,10120.0,2,1
2022-04-10,2022-04-10 01:10:11,9080.0,2,1
2022-04-10,2022-04-10 01:24:59,9180.0,2,1
2022-04-10,2022-04-10 04:26:27,10540.0,2,1
2022-04-10,2022-04-10 04:34:14,7240.0,2,1
2022-04-10,2022-04-10 04:38:58,7620.0,2,1
2022-04-11,2022-04-11 01:11:49,7320.0,2,1
2022-04-11,2022-04-11 01:20:06,8300.0,2,1
2022-04-11,2022-04-11 01:25:38,8320.0,2,1
2022-04-11,2022-04-11 04:29:44,6320.0,2,1
2022-04-11,2022-04-11 04:31:17,6080.0,2,1
2022-04-11,2022-04-11 04:31:55,8780.0,2,1
2022-04-11,2022-04-11 06:25:17,1560.0,2,1
2022-04-11,2022-04-11 07:09:51,1360.0,2,1
2022-04-11,2022-04-11 08:39:33,140.0,2,1
2022-04-11,2022-04-11 10:41:25,320.0,2,1
2022-04-11,2022-04-11 10:52:32,4100.0,2,1
2022-04-11,2022-04-11 11:02:24,3240.0,2,1
2022-04-11,2022-04-11 15:58:21,300.0,2,1
2022-04-12,2022-04-12 01:07:24,9560.0,2,1
2022-04-12,2022-04-12 01:10:34,10200.0,2,1
2022-04-12,2022-04-12 01:17:24,10240.0,2,1
2022-04-12,2022-04-12 04:18:12,9280.0,2,1
2022-04-12,2022-04-12 04:30:18,7100.0,2,1
2022-04-12,2022-04-12 04:32:41,7880.0,2,1
2022-04-12,2022-04-12 06:29:45,960.0,2,1
2022-04-12,2022-04-12 07:06:45,2920.0,2,1
2022-04-12,2022-04-12 09:09:14,1560.0,2,1
2022-04-12,2022-04-12 10:37:31,640.0,2,1
2022-04-12,2022-04-12 10:44:46,5400.0,2,1
2022-04-12,2022-04-12 11:09:04,3000.0,2,1
2022-04-12,2022-04-12 16:35:04,420.0,2,1
2022-04-13,2022-04-13 01:09:21,10900.0,2,1
2022-04-13,2022-04-13 01:11:16,9420.0,2,1
2022-04-13,2022-04-13 01:24:11,9260.0,2,1
2022-04-13,2022-04-13 04:34:54,10100.0,2,1
2022-04-13,2022-04-13 04:42:02,7360.0,2,1
2022-04-13,2022-04-13 04:42:36,7320.0,2,1
2022-04-13,2022-04-13 06:31:18,1620.0,2,1
2022-04-13,2022-04-13 08:45:23,1120.0,2,1
2022-04-13,2022-04-13 09:05:56,360.0,2,1
2022-04-13,2022-04-13 09:45:36,3700.0,2,1
2022-04-13,2022-04-13 10:39:54,5580.0,2,1
2022-04-13,2022-04-13 11:20:18,180.0,2,1
2022-04-13,2022-04-13 11:20:37,3040.0,2,1
2022-04-13,2022-04-13 16:30:24,520.0,2,1
2022-04-14,2022-04-14 01:02:11,10800.0,2,1
2022-04-14,2022-04-14 01:37:18,11560.0,2,1
2022-04-14,2022-04-14 01:37:45,11760.0,2,1
2022-04-14,2022-04-14 04:33:44,7440.0,2,1
2022-04-14,2022-04-14 04:34:15,9720.0,2,1
2022-04-14,2022-04-14 04:34:52,8880.0,2,1
2022-04-15,2022-04-15 01:08:24,8860.0,2,1
2022-04-15,2022-04-15 01:25:36,9260.0,2,1
2022-04-15,2022-04-15 01:54:24,7820.0,2,1
2022-04-15,2022-04-15 04:33:49,7700.0,2,1
2022-04-15,2022-04-15 04:34:34,9140.0,2,1
2022-04-15,2022-04-15 04:39:15,6620.0,2,1
2022-04-15,2022-04-15 06:30:50,3540.0,2,1
2022-04-15,2022-04-15 07:17:41,960.0,2,1
2022-04-15,2022-04-15 09:20:17,840.0,2,1
2022-04-15,2022-04-15 10:49:44,2580.0,2,1
2022-04-16,2022-04-16 01:24:01,8680.0,2,1
2022-04-16,2022-04-16 02:48:50,13460.0,2,1
2022-04-16,2022-04-16 04:54:03,5120.0,2,1
2022-04-16,2022-04-16 04:54:59,4340.0,2,1
2022-04-16,2022-04-16 04:55:25,8920.0,2,1
2022-04-16,2022-04-16 06:34:41,1320.0,2,1
2022-04-16,2022-04-16 07:14:41,920.0,2,1
2022-04-16,2022-04-16 09:19:36,1840.0,2,1
2022-04-16,2022-04-16 09:57:17,5800.0,2,1
2022-04-16,2022-04-16 11:15:18,2080.0,2,1
2022-04-17,2022-04-17 01:04:31,8400.0,2,1
2022-04-17,2022-04-17 01:05:22,9560.0,2,1
2022-04-17,2022-04-17 01:20:04,9260.0,2,1
2022-04-17,2022-04-17 04:23:02,10020.0,2,1
2022-04-17,2022-04-17 04:34:25,8380.0,2,1
2022-04-18,2022-04-18 00:51:16,14320.0,2,1
2022-04-18,2022-04-18 01:04:41,7840.0,2,1
2022-04-18,2022-04-18 01:20:39,8040.0,2,1
2022-04-18,2022-04-18 04:17:38,5860.0,2,1
2022-04-18,2022-04-18 04:24:45,6960.0,2,1
2022-04-18,2022-04-18 04:25:33,8720.0,2,1
2022-04-18,2022-04-18 06:28:59,520.0,2,1
2022-04-18,2022-04-18 07:09:55,1680.0,2,1
2022-04-18,2022-04-18 08:51:43,3480.0,2,1
2022-04-18,2022-04-18 10:42:13,180.0,2,1
2022-04-18,2022-04-18 10:46:59,4980.0,2,1
2022-04-18,2022-04-18 11:19:47,4120.0,2,1
2022-04-19,2022-04-19 01:16:29,10740.0,2,1
2022-04-19,2022-04-19 01:18:14,10500.0,2,1
2022-04-19,2022-04-19 01:35:13,11000.0,2,1
2022-04-19,2022-04-19 04:33:15,9480.0,2,1
2022-04-19,2022-04-19 04:36:25,6320.0,2,1
2022-04-19,2022-04-19 04:36:52,8020.0,2,1
2022-04-19,2022-04-19 06:30:14,920.0,2,1
2022-04-19,2022-04-19 07:10:08,3140.0,2,1
2022-04-19,2022-04-19 09:17:54,860.0,2,1
2022-04-19,2022-04-19 10:42:53,720.0,2,1
2022-04-19,2022-04-19 10:52:18,6380.0,2,1
2022-04-19,2022-04-19 11:03:16,2640.0,2,1
2022-04-19,2022-04-19 16:16:54,300.0,2,1
2022-04-20,2022-04-20 01:10:24,8140.0,2,1
2022-04-20,2022-04-20 01:33:10,10080.0,2,1
2022-04-20,2022-04-20 01:41:43,8420.0,2,1
2022-04-20,2022-04-20 04:38:43,9420.0,2,1
2022-04-20,2022-04-20 04:39:12,5580.0,2,1
2022-04-20,2022-04-20 04:43:42,7600.0,2,1
2022-04-20,2022-04-20 06:31:28,940.0,2,1
2022-04-20,2022-04-20 07:14:58,1620.0,2,1
2022-04-20,2022-04-20 09:01:24,300.0,2,1
2022-04-20,2022-04-20 10:45:50,160.0,2,1
2022-04-20,2022-04-20 10:49:34,5480.0,2,1
2022-04-20,2022-04-20 11:07:20,2780.0,2,1
2022-04-20,2022-04-20 16:22:37,500.0,2,1
2022-04-21,2022-04-21 01:09:49,9380.0,2,1
2022-04-21,2022-04-21 01:10:43,10560.0,2,1
2022-04-21,2022-04-21 01:21:42,11040.0,2,1
2022-04-21,2022-04-21 04:18:29,8120.0,2,1
2022-04-21,2022-04-21 04:19:29,6200.0,2,1
2022-04-21,2022-04-21 04:20:23,9720.0,2,1
2022-04-21,2022-04-21 06:33:12,720.0,2,1
2022-04-21,2022-04-21 07:18:58,2880.0,2,1
2022-04-21,2022-04-21 09:09:39,4900.0,2,1
2022-04-21,2022-04-21 10:08:59,280.0,2,1
2022-04-21,2022-04-21 10:43:04,1500.0,2,1
2022-04-21,2022-04-21 10:48:40,1980.0,2,1
2022-04-21,2022-04-21 10:53:08,5300.0,2,1
2022-04-21,2022-04-21 16:01:33,160.0,2,1
2022-04-22,2022-04-22 01:17:26,9380.0,2,1
2022-04-22,2022-04-22 01:25:01,11580.0,2,1
2022-04-22,2022-04-22 01:28:22,8440.0,2,1
2022-04-22,2022-04-22 04:28:39,6360.0,2,1
2022-04-22,2022-04-22 04:29:25,10140.0,2,1
2022-04-22,2022-04-22 04:33:21,7720.0,2,1
2022-04-22,2022-04-22 06:32:01,1060.0,2,1
2022-04-22,2022-04-22 07:44:23,1240.0,2,1
2022-04-22,2022-04-22 09:23:12,140.0,2,1
2022-04-22,2022-04-22 10:38:29,960.0,2,1
2022-04-22,2022-04-22 10:56:58,2160.0,2,1
2022-04-22,2022-04-22 11:03:54,5000.0,2,1
2022-04-23,2022-04-23 01:07:37,10200.0,2,1
2022-04-23,2022-04-23 01:09:32,10280.0,2,1
2022-04-23,2022-04-23 01:14:39,10180.0,2,1
2022-04-23,2022-04-23 04:14:50,8280.0,2,1
2022-04-23,2022-04-23 04:15:28,8980.0,2,1
2022-04-23,2022-04-23 04:20:47,8520.0,2,1
2022-04-23,2022-04-23 06:35:17,660.0,2,1
2022-04-23,2022-04-23 08:05:37,2800.0,2,1
2022-04-23,2022-04-23 09:09:41,3000.0,2,1
2022-04-23,2022-04-23 09:11:02,2520.0,2,1
2022-04-23,2022-04-23 10:17:43,1120.0,2,1
2022-04-24,2022-04-24 00:56:11,9340.0,2,1
2022-04-24,2022-04-24 01:12:03,8120.0,2,1
2022-04-24,2022-04-24 01:17:19,8300.0,2,1
2022-04-24,2022-04-24 04:26:20,9120.0,2,1
2022-04-24,2022-04-24 04:29:03,7220.0,2,1
2022-04-24,2022-04-24 04:29:38,6580.0,2,1
2022-04-25,2022-04-25 01:07:05,8040.0,2,1
2022-04-25,2022-04-25 01:23:56,8720.0,2,1
2022-04-25,2022-04-25 01:32:33,9700.0,2,1
2022-04-25,2022-04-25 04:31:08,5760.0,2,1
2022-04-25,2022-04-25 04:40:10,7280.0,2,1
2022-04-25,2022-04-25 04:41:01,10540.0,2,1
2022-04-25,2022-04-25 06:31:20,1040.0,2,1
2022-04-25,2022-04-25 07:27:33,1800.0,2,1
2022-04-25,2022-04-25 09:19:14,760.0,2,1
2022-04-25,2022-04-25 10:47:51,1000.0,2,1
2022-04-25,2022-04-25 11:15:16,8080.0,2,1
2022-04-25,2022-04-25 11:26:56,3780.0,2,1
2022-04-26,2022-04-26 01:03:13,10600.0,2,1
2022-04-26,2022-04-26 01:07:22,11540.0,2,1
2022-04-26,2022-04-26 01:16:49,9380.0,2,1
2022-04-26,2022-04-26 04:24:08,11420.0,2,1
2022-04-26,2022-04-26 04:36:26,6500.0,2,1
2022-04-26,2022-04-26 04:37:43,8980.0,2,1
2022-04-26,2022-04-26 06:26:50,940.0,2,1
2022-04-26,2022-04-26 07:13:51,3260.0,2,1
2022-04-26,2022-04-26 08:40:28,1780.0,2,1
2022-04-26,2022-04-26 10:42:01,860.0,2,1
2022-04-26,2022-04-26 10:57:26,5940.0,2,1
2022-04-26,2022-04-26 11:07:36,3280.0,2,1
2022-04-27,2022-04-27 00:58:47,9040.0,2,1
2022-04-27,2022-04-27 01:14:55,9940.0,2,1
2022-04-27,2022-04-27 01:48:30,8900.0,2,1
2022-04-27,2022-04-27 04:33:02,9500.0,2,1
2022-04-27,2022-04-27 04:33:56,8140.0,2,1
2022-04-27,2022-04-27 04:34:32,5840.0,2,1
2022-04-27,2022-04-27 06:28:45,820.0,2,1
2022-04-27,2022-04-27 07:30:15,1320.0,2,1
2022-04-27,2022-04-27 09:11:10,200.0,2,1
2022-04-27,2022-04-27 10:03:07,800.0,2,1
2022-04-27,2022-04-27 10:47:31,5500.0,2,1
2022-04-27,2022-04-27 10:59:36,3200.0,2,1
2022-04-28,2022-04-28 01:03:42,10300.0,2,1
2022-04-28,2022-04-28 01:11:44,8840.0,2,1
2022-04-28,2022-04-28 01:17:43,10660.0,2,1
2022-04-28,2022-04-28 04:20:36,7280.0,2,1
2022-04-28,2022-04-28 04:21:15,8360.0,2,1
2022-04-28,2022-04-28 04:21:49,6000.0,2,1
2022-04-28,2022-04-28 06:28:47,660.0,2,1
2022-04-28,2022-04-28 07:19:19,2880.0,2,1
2022-04-28,2022-04-28 08:27:13,3180.0,2,1
2022-04-28,2022-04-28 09:41:43,1880.0,2,1
2022-04-28,2022-04-28 10:40:08,1280.0,2,1
2022-04-28,2022-04-28 10:48:57,4860.0,2,1
2022-04-28,2022-04-28 10:58:27,2320.0,2,1
2022-04-29,2022-04-29 01:02:50,9360.0,2,1
2022-04-29,2022-04-29 01:21:18,11180.0,2,1
2022-04-29,2022-04-29 01:34:50,9020.0,2,1
2022-04-29,2022-04-29 04:28:33,8400.0,2,1
2022-04-29,2022-04-29 04:29:31,9520.0,2,1
2022-04-29,2022-04-29 04:36:23,7220.0,2,1
2022-04-29,2022-04-29 06:31:48,1100.0,2,1
2022-04-29,2022-04-29 07:29:34,1380.0,2,1
2022-04-29,2022-04-29 09:07:41,160.0,2,1
2022-04-29,2022-04-29 10:41:14,980.0,2,1
2022-04-29,2022-04-29 10:46:29,4980.0,2,1
2022-04-29,2022-04-29 11:06:42,2480.0,2,1
2022-04-30,2022-04-30 01:12:40,10760.0,2,1
2022-04-30,2022-04-30 01:16:02,10800.0,2,1
2022-04-30,2022-04-30 01:17:45,11480.0,2,1
2022-04-30,2022-04-30 04:24:30,10160.0,2,1
2022-04-30,2022-04-30 04:26:19,7860.0,2,1
2022-04-30,2022-04-30 04:37:02,8840.0,2,1
2022-04-30,2022-04-30 06:32:45,720.0,2,1
2022-04-30,2022-04-30 07:22:47,2860.0,2,1
2022-04-30,2022-04-30 09:05:49,1240.0,2,1
2022-04-30,2022-04-30 10:54:24,5940.0,2,1
2022-04-30,2022-04-30 11:19:46,3260.0,2,1
2022-04-30,2022-04-30 11:42:07,1180.0,2,1
2022-05-01,2022-05-01 01:08:52,9480.0,2,1
2022-05-01,2022-05-01 01:12:43,9740.0,2,1
2022-05-01,2022-05-01 01:14:07,8960.0,2,1
2022-05-01,2022-05-01 04:35:38,8280.0,2,1
2022-05-01,2022-05-01 04:40:39,7880.0,2,1
2022-05-01,2022-05-01 04:41:09,10420.0,2,1
2022-05-02,2022-05-02 01:10:31,8360.0,2,1
2022-05-02,2022-05-02 01:14:37,7940.0,2,1
2022-05-02,2022-05-02 01:34:43,8480.0,2,1
2022-05-02,2022-05-02 04:59:24,8520.0,2,1
2022-05-02,2022-05-02 04:59:59,8540.0,2,1
2022-05-02,2022-05-02 06:31:25,1620.0,2,1
2022-05-02,2022-05-02 08:00:52,1840.0,2,1
2022-05-02,2022-05-02 09:27:53,2900.0,2,1
2022-05-02,2022-05-02 11:13:37,3480.0,2,1
2022-05-03,2022-05-03 00:54:09,12280.0,2,1
2022-05-03,2022-05-03 00:54:47,8400.0,2,1
2022-05-03,2022-05-03 01:09:40,8580.0,2,1
2022-05-03,2022-05-03 04:24:38,6740.0,2,1
2022-05-03,2022-05-03 04:35:10,7560.0,2,1
2022-05-03,2022-05-03 04:35:44,9000.0,2,1
2022-05-03,2022-05-03 06:32:58,860.0,2,1
2022-05-03,2022-05-03 07:25:26,2620.0,2,1
2022-05-03,2022-05-03 09:20:46,380.0,2,1
2022-05-03,2022-05-03 10:31:39,880.0,2,1
2022-05-03,2022-05-03 10:53:37,4980.0,2,1
2022-05-03,2022-05-03 11:03:48,2740.0,2,1
2022-05-04,2022-05-04 01:14:41,10660.0,2,1
2022-05-04,2022-05-04 01:15:17,10220.0,2,1
2022-05-04,2022-05-04 01:27:59,9280.0,2,1
2022-05-04,2022-05-04 04:42:33,6160.0,2,1
2022-05-04,2022-05-04 04:46:14,8300.0,2,1
2022-05-04,2022-05-04 04:50:14,11100.0,2,1
2022-05-04,2022-05-04 06:31:24,500.0,2,1
2022-05-04,2022-05-04 07:29:41,1140.0,2,1
2022-05-04,2022-05-04 08:49:48,320.0,2,1
2022-05-04,2022-05-04 10:33:02,660.0,2,1
2022-05-04,2022-05-04 10:50:38,4820.0,2,1
2022-05-04,2022-05-04 10:56:15,3540.0,2,1
2022-05-05,2022-05-05 01:00:35,9340.0,2,1
2022-05-05,2022-05-05 01:08:27,10400.0,2,1
2022-05-05,2022-05-05 01:08:58,9740.0,2,1
2022-05-05,2022-05-05 04:27:35,8700.0,2,1
2022-05-05,2022-05-05 04:30:49,9220.0,2,1
2022-05-05,2022-05-05 04:40:51,6860.0,2,1
2022-05-05,2022-05-05 06:25:00,620.0,2,1
2022-05-05,2022-05-05 07:12:08,3000.0,2,1
2022-05-05,2022-05-05 08:18:02,2140.0,2,1
2022-05-05,2022-05-05 09:26:11,1640.0,2,1
2022-05-05,2022-05-05 10:18:25,1000.0,2,1
2022-05-05,2022-05-05 10:53:09,2180.0,2,1
2022-05-05,2022-05-05 11:04:10,5160.0,2,1
2022-05-06,2022-05-06 01:12:43,10340.0,2,1
2022-05-06,2022-05-06 01:18:49,9400.0,2,1
2022-05-06,2022-05-06 01:22:55,9080.0,2,1
2022-05-06,2022-05-06 04:41:27,8420.0,2,1
2022-05-06,2022-05-06 04:41:55,6880.0,2,1
2022-05-06,2022-05-06 04:42:20,10140.0,2,1
2022-05-06,2022-05-06 06:33:16,920.0,2,1
2022-05-06,2022-05-06 07:31:26,1280.0,2,1
2022-05-06,2022-05-06 09:16:02,140.0,2,1
2022-05-06,2022-05-06 10:50:45,680.0,2,1
2022-05-06,2022-05-06 10:55:08,3040.0,2,1
2022-05-06,2022-05-06 10:55:57,5280.0,2,1
2022-05-07,2022-05-07 01:08:31,9860.0,2,1
2022-05-07,2022-05-07 01:24:51,9960.0,2,1
2022-05-07,2022-05-07 01:25:51,11320.0,2,1
2022-05-07,2022-05-07 04:40:16,8700.0,2,1
2022-05-07,2022-05-07 04:44:48,8360.0,2,1
2022-05-07,2022-05-07 04:45:23,9760.0,2,1
2022-05-07,2022-05-07 06:27:36,740.0,2,1
2022-05-07,2022-05-07 07:12:55,2900.0,2,1
2022-05-07,2022-05-07 09:04:53,1500.0,2,1
2022-05-07,2022-05-07 11:12:00,3600.0,2,1
2022-05-07,2022-05-07 11:20:33,5320.0,2,1
2022-05-07,2022-05-07 11:47:59,340.0,2,1
2022-05-08,2022-05-08 00:58:35,10220.0,2,1
2022-05-08,2022-05-08 01:09:56,9300.0,2,1
2022-05-08,2022-05-08 01:13:07,8900.0,2,1
2022-05-08,2022-05-08 04:28:33,7300.0,2,1
2022-05-08,2022-05-08 04:30:32,10380.0,2,1
2022-05-08,2022-05-08 04:38:32,8320.0,2,1
2022-05-09,2022-05-09 01:06:48,8160.0,2,1
2022-05-09,2022-05-09 01:24:48,8340.0,2,1
2022-05-09,2022-05-09 01:55:59,9880.0,2,1
2022-05-09,2022-05-09 04:46:25,6120.0,2,1
2022-05-09,2022-05-09 04:46:59,8040.0,2,1
2022-05-09,2022-05-09 04:47:31,8260.0,2,1
2022-05-09,2022-05-09 06:27:39,1460.0,2,1
2022-05-09,2022-05-09 07:19:04,1480.0,2,1
2022-05-09,2022-05-09 08:25:20,2940.0,2,1
2022-05-09,2022-05-09 09:40:37,60.0,2,1
2022-05-09,2022-05-09 10:35:38,580.0,2,1
2022-05-09,2022-05-09 11:00:35,4440.0,2,1
2022-05-09,2022-05-09 11:13:54,3760.0,2,1
2022-05-10,2022-05-10 01:08:30,10580.0,2,1
2022-05-10,2022-05-10 01:14:45,9240.0,2,1
2022-05-10,2022-05-10 01:28:44,10400.0,2,1
2022-05-10,2022-05-10 04:32:59,6360.0,2,1
2022-05-10,2022-05-10 04:36:18,8860.0,2,1
2022-05-10,2022-05-10 04:37:13,9980.0,2,1
2022-05-10,2022-05-10 06:23:56,940.0,2,1
2022-05-10,2022-05-10 07:07:03,3260.0,2,1
2022-05-10,2022-05-10 08:16:45,320.0,2,1
2022-05-10,2022-05-10 10:28:28,1100.0,2,1
2022-05-10,2022-05-10 10:50:04,4960.0,2,1
2022-05-10,2022-05-10 11:14:16,3420.0,2,1
2022-05-11,2022-05-11 01:03:42,9140.0,2,1
2022-05-11,2022-05-11 01:20:47,10200.0,2,1
2022-05-11,2022-05-11 01:34:07,8620.0,2,1
2022-05-11,2022-05-11 04:33:18,5720.0,2,1
2022-05-11,2022-05-11 04:40:58,10900.0,2,1
2022-05-11,2022-05-11 04:43:32,8800.0,2,1
2022-05-11,2022-05-11 06:27:43,740.0,2,1
2022-05-11,2022-05-11 07:18:55,1620.0,2,1
2022-05-11,2022-05-11 08:31:22,2260.0,2,1
2022-05-11,2022-05-11 09:35:36,240.0,2,1
2022-05-11,2022-05-11 10:30:02,820.0,2,1
2022-05-11,2022-05-11 10:47:55,5160.0,2,1
2022-05-11,2022-05-11 11:03:06,3000.0,2,1
2022-05-12,2022-05-12 01:14:04,10660.0,2,1
2022-05-12,2022-05-12 01:23:59,10980.0,2,1
2022-05-12,2022-05-12 01:26:14,9580.0,2,1
2022-05-12,2022-05-12 04:28:14,9520.0,2,1
2022-05-12,2022-05-12 04:28:47,6300.0,2,1
2022-05-12,2022-05-12 04:35:24,8260.0,2,1
2022-05-12,2022-05-12 06:37:48,720.0,2,1
2022-05-12,2022-05-12 07:17:17,3020.0,2,1
2022-05-12,2022-05-12 09:25:18,1960.0,2,1
2022-05-12,2022-05-12 10:31:48,940.0,2,1
2022-05-12,2022-05-12 10:49:52,5900.0,2,1
2022-05-12,2022-05-12 10:58:35,2640.0,2,1
2022-05-12,2022-05-12 16:19:42,500.0,2,1
2022-05-13,2022-05-13 01:05:12,9280.0,2,1
2022-05-13,2022-05-13 01:23:35,10840.0,2,1
2022-05-13,2022-05-13 01:37:14,9000.0,2,1
2022-05-13,2022-05-13 04:44:21,7640.0,2,1
2022-05-13,2022-05-13 04:45:19,9660.0,2,1
2022-05-13,2022-05-13 04:52:22,10080.0,2,1
2022-05-13,2022-05-13 06:33:31,1020.0,2,1
2022-05-13,2022-05-13 07:14:10,1300.0,2,1
2022-05-13,2022-05-13 08:57:25,260.0,2,1
2022-05-13,2022-05-13 08:58:24,120.0,2,1
2022-05-13,2022-05-13 10:46:13,5580.0,2,1
2022-05-13,2022-05-13 11:15:40,2380.0,2,1
2022-05-14,2022-05-14 01:12:05,12120.0,2,1
2022-05-14,2022-05-14 01:22:43,11700.0,2,1
2022-05-14,2022-05-14 01:32:32,11020.0,2,1
2022-05-14,2022-05-14 04:33:35,9100.0,2,1
2022-05-14,2022-05-14 04:37:56,6660.0,2,1
2022-05-14,2022-05-14 04:48:00,10980.0,2,1
2022-05-14,2022-05-14 06:25:26,700.0,2,1
2022-05-14,2022-05-14 07:08:53,2860.0,2,1
2022-05-14,2022-05-14 08:06:15,2900.0,2,1
2022-05-14,2022-05-14 09:06:24,1560.0,2,1
2022-05-14,2022-05-14 11:00:06,6940.0,2,1
2022-05-14,2022-05-14 11:00:36,3120.0,2,1
2022-05-14,2022-05-14 11:15:49,1880.0,2,1
2022-05-15,2022-05-15 01:02:56,9080.0,2,1
2022-05-15,2022-05-15 01:03:44,10480.0,2,1
2022-05-15,2022-05-15 01:21:47,9140.0,2,1
2022-05-15,2022-05-15 04:22:19,8480.0,2,1
2022-05-15,2022-05-15 04:36:44,7540.0,2,1
2022-05-15,2022-05-15 04:39:06,10700.0,2,1
2022-05-16,2022-05-16 01:15:31,8900.0,2,1
2022-05-16,2022-05-16 01:26:15,8460.0,2,1
2022-05-16,2022-05-16 01:59:56,9720.0,2,1
2022-05-16,2022-05-16 04:48:15,7680.0,2,1
2022-05-16,2022-05-16 04:49:35,7140.0,2,1
2022-05-16,2022-05-16 04:51:30,8540.0,2,1
2022-05-16,2022-05-16 06:34:07,1400.0,2,1
2022-05-16,2022-05-16 07:17:37,1420.0,2,1
2022-05-16,2022-05-16 09:06:03,240.0,2,1
2022-05-16,2022-05-16 10:51:22,800.0,2,1
2022-05-16,2022-05-16 11:02:59,4360.0,2,1
2022-05-16,2022-05-16 11:26:52,4860.0,2,1
2022-05-16,2022-05-16 16:18:46,200.0,2,1
2022-05-17,2022-05-17 01:17:00,11040.0,2,1
2022-05-17,2022-05-17 01:18:47,11300.0,2,1
2022-05-17,2022-05-17 01:23:53,10020.0,2,1
2022-05-17,2022-05-17 04:36:42,8400.0,2,1
2022-05-17,2022-05-17 04:37:10,6780.0,2,1
2022-05-17,2022-05-17 04:45:06,10520.0,2,1
2022-05-17,2022-05-17 06:37:03,880.0,2,1
2022-05-17,2022-05-17 07:11:05,3260.0,2,1
2022-05-17,2022-05-17 08:49:15,3300.0,2,1
2022-05-17,2022-05-17 10:10:54,940.0,2,1
2022-05-17,2022-05-17 10:44:37,1200.0,2,1
2022-05-17,2022-05-17 10:48:16,5800.0,2,1
2022-05-17,2022-05-17 11:25:39,2940.0,2,1
2022-05-17,2022-05-17 12:01:11,4440.0,2,1
2022-05-17,2022-05-17 16:27:04,520.0,2,1
2022-05-18,2022-05-18 01:15:52,9740.0,2,1
2022-05-18,2022-05-18 01:17:40,9060.0,2,1
2022-05-18,2022-05-18 01:29:29,10520.0,2,1
2022-05-18,2022-05-18 04:34:13,7720.0,2,1
2022-05-18,2022-05-18 04:41:44,7200.0,2,1
2022-05-18,2022-05-18 04:43:34,8940.0,2,1
2022-05-18,2022-05-18 06:37:33,780.0,2,1
2022-05-18,2022-05-18 07:42:35,1600.0,2,1
2022-05-18,2022-05-18 08:58:26,120.0,2,1
2022-05-18,2022-05-18 10:30:17,660.0,2,1
2022-05-18,2022-05-18 10:44:55,6320.0,2,1
2022-05-18,2022-05-18 10:50:05,5380.0,2,1
2022-05-18,2022-05-18 10:51:51,2500.0,2,1
2022-05-18,2022-05-18 16:26:51,860.0,2,1
2022-05-19,2022-05-19 01:07:43,11620.0,2,1
2022-05-19,2022-05-19 01:21:27,9400.0,2,1
2022-05-19,2022-05-19 01:22:58,11160.0,2,1
2022-05-19,2022-05-19 04:38:41,9500.0,2,1
2022-05-19,2022-05-19 04:39:25,8780.0,2,1
2022-05-19,2022-05-19 04:40:38,6000.0,2,1
2022-05-19,2022-05-19 06:25:52,2520.0,2,1
2022-05-19,2022-05-19 07:23:57,2960.0,2,1
2022-05-19,2022-05-19 08:45:47,1620.0,2,1
2022-05-19,2022-05-19 10:36:02,1060.0,2,1
2022-05-19,2022-05-19 10:46:46,5620.0,2,1
2022-05-19,2022-05-19 11:14:22,5180.0,2,1
2022-05-19,2022-05-19 11:27:22,2780.0,2,1
2022-05-19,2022-05-19 16:22:25,320.0,2,1
2022-05-20,2022-05-20 01:13:01,10460.0,2,1
2022-05-20,2022-05-20 01:17:58,9300.0,2,1
2022-05-20,2022-05-20 01:36:07,9160.0,2,1
2022-05-20,2022-05-20 04:37:31,11020.0,2,1
2022-05-20,2022-05-20 04:44:04,7340.0,2,1
2022-05-20,2022-05-20 04:44:34,7160.0,2,1
2022-05-20,2022-05-20 06:38:16,720.0,2,1
2022-05-20,2022-05-20 07:46:36,1360.0,2,1
2022-05-20,2022-05-20 09:09:37,100.0,2,1
2022-05-20,2022-05-20 10:29:35,860.0,2,1
2022-05-20,2022-05-20 10:43:33,6400.0,2,1
2022-05-20,2022-05-20 10:55:36,2400.0,2,1
2022-05-20,2022-05-20 10:57:41,5320.0,2,1
2022-05-21,2022-05-21 01:00:40,10000.0,2,1
2022-05-21,2022-05-21 01:11:30,10660.0,2,1
2022-05-21,2022-05-21 01:26:45,11400.0,2,1
2022-05-21,2022-05-21 04:41:11,9620.0,2,1
2022-05-21,2022-05-21 04:43:03,8320.0,2,1
2022-05-21,2022-05-21 04:44:25,9220.0,2,1
2022-05-21,2022-05-21 06:37:58,1600.0,2,1
2022-05-21,2022-05-21 08:29:41,2920.0,2,1
2022-05-21,2022-05-21 09:45:39,1620.0,2,1
2022-05-21,2022-05-21 10:48:38,5540.0,2,1
2022-05-21,2022-05-21 11:23:13,3380.0,2,1
2022-05-21,2022-05-21 11:40:40,980.0,2,1
2022-05-22,2022-05-22 01:06:41,9060.0,2,1
2022-05-22,2022-05-22 01:10:15,10520.0,2,1
2022-05-22,2022-05-22 01:10:57,9500.0,2,1
2022-05-22,2022-05-22 04:32:05,6480.0,2,1
2022-05-22,2022-05-22 04:32:57,9900.0,2,1
2022-05-22,2022-05-22 04:37:08,8080.0,2,1
2022-05-23,2022-05-23 01:19:04,8240.0,2,1
2022-05-23,2022-05-23 01:22:15,8420.0,2,1
2022-05-23,2022-05-23 01:41:12,9180.0,2,1
2022-05-23,2022-05-23 04:43:47,8080.0,2,1
2022-05-23,2022-05-23 04:44:20,8760.0,2,1
2022-05-23,2022-05-23 04:44:51,6600.0,2,1
2022-05-23,2022-05-23 06:31:41,1380.0,2,1
2022-05-23,2022-05-23 08:34:27,1360.0,2,1
2022-05-23,2022-05-23 09:41:47,3120.0,2,1
2022-05-23,2022-05-23 10:35:37,580.0,2,1
2022-05-23,2022-05-23 10:54:05,3740.0,2,1
2022-05-23,2022-05-23 10:55:24,4680.0,2,1
2022-05-23,2022-05-23 11:00:13,120.0,2,1
2022-05-23,2022-05-23 11:05:15,4200.0,2,1
2022-05-23,2022-05-23 16:08:53,300.0,2,1
2022-05-24,2022-05-24 01:09:41,10720.0,2,1
2022-05-24,2022-05-24 01:16:16,9060.0,2,1
2022-05-24,2022-05-24 01:17:20,11340.0,2,1
2022-05-24,2022-05-24 04:28:38,6000.0,2,1
2022-05-24,2022-05-24 04:33:13,9320.0,2,1
2022-05-24,2022-05-24 04:33:53,10240.0,2,1
2022-05-24,2022-05-24 06:35:34,820.0,2,1
2022-05-24,2022-05-24 07:13:28,3060.0,2,1
2022-05-24,2022-05-24 08:49:55,1460.0,2,1
2022-05-24,2022-05-24 10:35:11,760.0,2,1
2022-05-24,2022-05-24 10:47:04,780.0,2,1
2022-05-24,2022-05-24 10:47:47,5260.0,2,1
2022-05-24,2022-05-24 10:53:18,3980.0,2,1
2022-05-24,2022-05-24 11:09:51,3520.0,2,1
2022-05-24,2022-05-24 16:28:18,620.0,2,1
2022-05-25,2022-05-25 01:10:42,10380.0,2,1
2022-05-25,2022-05-25 01:25:07,9800.0,2,1
2022-05-25,2022-05-25 01:48:46,9140.0,2,1
2022-05-25,2022-05-25 04:37:10,10180.0,2,1
2022-05-25,2022-05-25 04:47:39,8300.0,2,1
2022-05-25,2022-05-25 04:48:21,5060.0,2,1
2022-05-25,2022-05-25 06:34:51,740.0,2,1
2022-05-25,2022-05-25 07:16:10,1500.0,2,1
2022-05-25,2022-05-25 09:28:25,180.0,2,1
2022-05-25,2022-05-25 10:31:11,920.0,2,1
2022-05-25,2022-05-25 10:46:11,3180.0,2,1
2022-05-25,2022-05-25 10:50:18,5040.0,2,1
2022-05-25,2022-05-25 10:56:52,2700.0,2,1
2022-05-25,2022-05-25 16:27:21,500.0,2,1
2022-05-26,2022-05-26 01:10:25,10600.0,2,1
2022-05-26,2022-05-26 01:17:43,10920.0,2,1
2022-05-26,2022-05-26 01:23:29,8880.0,2,1
2022-05-26,2022-05-26 04:21:33,9420.0,2,1
2022-05-26,2022-05-26 04:24:37,6320.0,2,1
2022-05-26,2022-05-26 04:27:12,9200.0,2,1
2022-05-26,2022-05-26 06:23:23,720.0,2,1
2022-05-26,2022-05-26 07:07:40,2920.0,2,1
2022-05-26,2022-05-26 08:53:22,2460.0,2,1
2022-05-26,2022-05-26 09:18:18,1140.0,2,1
2022-05-26,2022-05-26 10:27:43,1340.0,2,1
2022-05-26,2022-05-26 10:42:32,4920.0,2,1
2022-05-26,2022-05-26 10:50:23,1640.0,2,1
2022-05-26,2022-05-26 10:57:57,1620.0,2,1
2022-05-26,2022-05-26 16:18:58,180.0,2,1
2022-05-27,2022-05-27 01:23:16,10620.0,2,1
2022-05-27,2022-05-27 01:41:34,11280.0,2,1
2022-05-27,2022-05-27 01:42:14,8440.0,2,1
2022-05-27,2022-05-27 04:37:33,7680.0,2,1
2022-05-27,2022-05-27 04:38:11,6860.0,2,1
2022-05-27,2022-05-27 04:45:08,7300.0,2,1
2022-05-27,2022-05-27 06:33:57,940.0,2,1
2022-05-27,2022-05-27 07:17:29,1320.0,2,1
2022-05-27,2022-05-27 08:46:00,180.0,2,1
2022-05-27,2022-05-27 10:29:58,1080.0,2,1
2022-05-27,2022-05-27 10:44:37,6520.0,2,1
2022-05-27,2022-05-27 10:58:25,2240.0,2,1
2022-05-28,2022-05-28 01:02:37,10100.0,2,1
2022-05-28,2022-05-28 01:04:13,10860.0,2,1
2022-05-28,2022-05-28 01:15:02,9760.0,2,1
2022-05-28,2022-05-28 04:25:31,11180.0,2,1
2022-05-28,2022-05-28 04:27:58,7840.0,2,1
2022-05-28,2022-05-28 04:34:03,9320.0,2,1
2022-05-28,2022-05-28 06:37:07,2400.0,2,1
2022-05-28,2022-05-28 07:52:19,3120.0,2,1
2022-05-28,2022-05-28 08:48:48,1380.0,2,1
2022-05-28,2022-05-28 10:53:16,6480.0,2,1
2022-05-28,2022-05-28 11:13:12,3640.0,2,1
2022-05-28,2022-05-28 11:27:21,1340.0,2,1
2022-05-29,2022-05-29 01:01:40,8980.0,2,1
2022-05-29,2022-05-29 01:06:30,9980.0,2,1
2022-05-29,2022-05-29 01:10:17,8920.0,2,1
2022-05-29,2022-05-29 04:33:37,7460.0,2,1
2022-05-29,2022-05-29 04:36:37,10420.0,2,1
2022-05-29,2022-05-29 04:40:00,7920.0,2,1
2022-05-30,2022-05-30 01:12:09,8580.0,2,1
2022-05-30,2022-05-30 01:12:42,7960.0,2,1
2022-05-30,2022-05-30 01:29:55,8400.0,2,1
2022-05-30,2022-05-30 04:36:40,6760.0,2,1
2022-05-30,2022-05-30 04:41:20,8460.0,2,1
2022-05-30,2022-05-30 04:42:13,7360.0,2,1
2022-05-30,2022-05-30 06:33:38,1480.0,2,1
2022-05-30,2022-05-30 07:17:40,1500.0,2,1
2022-05-30,2022-05-30 09:01:35,240.0,2,1
2022-05-30,2022-05-30 10:29:03,840.0,2,1
2022-05-30,2022-05-30 10:48:05,4200.0,2,1
2022-05-30,2022-05-30 11:30:40,5260.0,2,1
2022-05-30,2022-05-30 16:26:41,340.0,2,1
2022-05-31,2022-05-31 01:06:35,9840.0,2,1
2022-05-31,2022-05-31 01:10:51,10640.0,2,1
2022-05-31,2022-05-31 01:16:56,10340.0,2,1
2022-05-31,2022-05-31 04:36:00,6820.0,2,1
2022-05-31,2022-05-31 04:36:41,9640.0,2,1
2022-05-31,2022-05-31 04:37:47,9300.0,2,1
2022-05-31,2022-05-31 06:46:57,1480.0,2,1
2022-05-31,2022-05-31 08:01:11,3140.0,2,1
2022-05-31,2022-05-31 09:21:18,740.0,2,1
2022-05-31,2022-05-31 10:35:28,980.0,2,1
2022-05-31,2022-05-31 10:39:33,5240.0,2,1
2022-05-31,2022-05-31 11:08:38,3160.0,2,1
